0 0
1 1
2 2
3 1
4 3
5 4
6 5
7 6
8 7
9 8
10 9
11 10
12 11
13 12
14 13
15 14
16 15
17 16
18 17
19 18
20 19
21 20
22 21
23 22
24 23
25 24
26 25
27 25
28 26
29 27
30 27
31 28
32 29
33 30
34 31
35 27
36 32
37 33
38 34
39 35
40 36
41 15
42 37
43 38
44 39
45 40
46 39
47 41
48 42
49 43
50 44
51 45
52 11
53 46
54 11
55 47
56 48
57 49
58 50
59 50
60 1
61 51
62 52
63 52
64 53
65 54
66 55
67 56
68 56
69 56
70 56
71 57
72 57
73 57
74 57
75 58
76 27
77 27
78 59
79 60
80 61
81 62
82 63
83 64
84 65
85 64
86 33
87 66
88 67
89 68
90 69
91 70
92 71
93 72
94 73
95 74
96 50
97 75
98 76
99 77
100 78
101 57
102 79
103 50
104 80
105 1
106 48
107 1
108 81
109 82
110 83
111 84
112 85
113 86
114 86
115 86
116 86
117 86
118 86
119 87
120 86
121 88
122 86
123 86
124 89
125 89
126 90
127 89
128 89
129 89
130 91
131 92
132 11
133 11
134 11
135 93
136 94
137 95
138 96
139 56
140 97
141 98
142 98
143 44
144 44
145 56
146 56
147 56
148 56
149 98
150 99
151 100
152 101
153 102
154 103
155 104
156 105
157 57
158 106
159 107
160 108
161 37
162 76
163 76
164 109
165 110
166 111
167 112
168 113
169 114
170 15
171 115
172 37
173 17
174 116
175 117
176 118
177 52
178 119
179 120
180 121
181 122
182 123
183 124
184 125
185 126
186 127
187 128
188 70
189 70
190 70
191 75
192 57
193 129
194 57
195 57
196 57
197 57
198 57
199 57
200 130
201 131
202 132
203 133
204 134
205 135
206 131
207 136
208 57
209 137
210 138
211 73
212 57
213 139
214 136
215 140
216 57
217 75
218 141
219 75
220 57
221 142
222 57
223 57
224 57
225 57
226 57
227 143
228 57
229 57
230 144
231 144
232 145
233 145
234 146
235 147
236 141
237 57
238 57
239 57
240 148
241 57
242 149
243 57
244 75
245 57
246 139
247 150
248 151
249 152
250 153
251 154
252 155
253 131
254 154
255 156
256 157
257 158
258 159
259 151
260 160
261 161
262 162
263 163
264 164
265 165
266 166
267 138
268 167
269 57
270 75
271 57
272 75
273 168
274 169
275 170
276 114
277 114
278 114
279 171
280 114
281 114
282 172
283 173
284 174
285 175
286 176
287 177
288 178
289 179
290 180
291 181
292 182
293 114
294 183
295 114
296 114
297 184
298 185
299 182
300 186
301 187
302 187
303 188
304 189
305 190
306 191
307 192
308 193
309 182
310 178
311 194
312 195
313 36
314 182
315 187
316 196
317 114
318 197
319 114
320 198
321 199
322 200
323 201
324 202
325 203
326 204
327 205
328 201
329 202
330 110
331 206
332 110
333 199
334 199
335 199
336 199
337 207
338 200
339 208
340 209
341 210
342 209
343 211
344 212
345 213
346 214
347 205
348 52
349 215
350 215
351 215
352 52
353 52
354 215
355 215
356 215
357 215
358 52
359 52
360 78
361 216
362 215
363 215
364 52
365 52
366 217
367 216
368 215
369 52
370 52
371 52
372 52
373 78
374 218
375 215
376 52
377 78
378 215
379 78
380 52
381 52
382 52
383 78
384 52
385 52
386 52
387 52
388 78
389 219
390 52
391 52
392 52
393 52
394 78
395 78
396 52
397 40
398 220
399 221
400 222
401 40
402 223
403 224
404 225
405 226
406 92
407 227
408 228
409 229
410 92
411 230
412 231
413 232
414 92
415 233
416 234
417 234
418 235
419 50
420 63
421 236
422 237
423 238
424 239
425 240
426 241
427 242
428 243
429 32
430 50
431 50
432 50
433 50
434 50
435 244
436 115
437 245
438 15
439 246
440 15
441 15
442 15
443 15
444 15
445 15
446 247
447 248
448 249
449 15
450 250
451 251
452 252
453 252
454 252
455 253
456 253
457 122
458 122
459 251
460 254
461 255
462 252
463 252
464 256
465 256
466 256
467 256
468 256
469 257
470 258
471 257
472 259
473 258
474 260
475 260
476 260
477 251
478 260
479 261
480 262
481 261
482 253
483 261
484 261
485 11
486 263
487 264
488 265
489 266
490 267
491 268
492 269
493 11
494 11
495 11
496 11
497 11
498 41
499 270
500 265
501 271
502 265
503 272
504 11
505 11
506 271
507 273
508 270
509 41
510 41
511 11
512 11
513 11
514 11
515 11
516 11
517 11
518 11
519 11
520 274
521 11
522 11
523 11
524 11
525 66
526 275
527 276
528 277
529 278
530 279
531 280
532 281
533 282
534 283
535 284
536 285
537 285
538 286
539 287
540 288
541 289
542 290
543 291
544 292
545 27
546 27
547 27
548 293
549 27
550 294
551 148
552 295
553 290
554 290
555 296
556 297
557 298
558 148
559 299
560 300
561 301
562 302
563 303
564 99
565 111
566 304
567 305
568 306
569 104
570 307
571 308
572 309
573 310
574 311
575 312
576 34
577 313
578 314
579 106
580 106
581 315
582 106
583 106
584 106
585 106
586 316
587 317
588 315
589 106
590 315
591 318
592 106
593 34
594 34
595 318
596 106
597 319
598 320
599 321
600 319
601 321
602 320
603 321
604 315
605 320
606 319
607 319
608 319
609 320
610 315
611 106
612 319
613 322
614 319
615 319
616 319
617 321
618 106
619 323
620 321
621 321
622 315
623 320
624 89
625 89
626 324
627 325
628 326
629 90
630 89
631 89
632 89
633 89
634 89
635 89
636 327
637 56
638 56
639 56
640 328
641 56
642 56
643 56
644 56
645 56
646 56
647 56
648 56
649 56
650 56
651 56
652 56
653 56
654 56
655 56
656 56
657 56
658 56
659 56
660 56
661 56
662 56
663 56
664 56
665 56
666 56
667 56
668 56
669 329
670 56
671 56
672 56
673 98
674 56
675 56
676 56
677 56
678 56
679 56
680 56
681 56
682 330
683 44
684 56
685 44
686 55
687 44
688 331
689 96
690 96
691 96
692 96
693 56
694 44
695 56
696 56
697 56
698 98
699 98
700 98
701 332
702 333
703 334
704 335
705 336
706 336
707 336
708 334
709 334
710 336
711 336
712 336
713 337
714 338
715 339
716 334
717 334
718 335
719 334
720 334
721 334
722 17
723 340
724 335
725 335
726 335
727 335
728 341
729 342
730 343
731 344
732 345
733 346
734 347
735 348
736 349
737 86
738 86
739 350
740 86
741 86
742 86
743 86
744 86
745 351
746 86
747 86
748 86
749 86
750 86
751 86
752 86
753 86
754 86
755 86
756 352
757 86
758 86
759 118
760 118
761 118
762 353
763 86
764 354
765 118
766 355
767 356
768 86
769 357
770 86
771 87
772 358
773 359
774 360
775 361
776 362
777 363
778 364
779 365
780 366
781 367
782 368
783 369
784 370
785 371
786 372
787 373
788 374
789 375
790 376
791 377
792 378
793 379
794 380
795 381
796 374
797 374
798 382
799 383
800 384
801 383
802 385
803 385
804 385
805 386
806 383
807 385
808 387
809 388
810 385
811 385
812 383
813 389
814 385
815 385
816 390
817 389
818 385
819 391
820 385
821 383
822 392
823 385
824 383
825 393
826 394
827 394
828 394
829 394
830 395
831 386
832 386
833 396
834 386
835 386
836 38
837 38
838 38
839 397
840 398
841 399
842 38
843 398
844 400
845 400
846 401
847 400
848 402
849 403
850 400
851 404
852 400
853 405
854 400
855 406
856 407
857 408
858 400
859 400
860 393
861 400
862 400
863 394
864 400
865 400
866 400
867 400
868 400
869 394
870 409
871 409
872 409
873 409
874 410
875 411
876 409
877 409
878 412
879 410
880 409
881 409
882 413
883 414
884 414
885 414
886 59
887 415
888 416
889 410
890 410
891 410
892 409
893 409
894 409
895 417
896 417
897 410
898 410
899 411
900 418
901 409
902 409
903 409
904 418
905 417
906 417
907 419
908 420
909 410
910 410
911 417
912 418
913 421
914 409
915 409
916 422
917 423
918 85
919 39
920 39
921 422
922 424
923 425
924 39
925 426
926 422
927 422
928 427
929 428
930 427
931 427
932 429
933 430
934 337
935 429
936 431
937 432
938 433
939 434
940 435
941 436
942 436
943 437
944 120
945 437
946 120
947 431
948 437
949 438
950 436
951 436
952 431
953 431
954 431
955 120
956 120
957 120
958 439
959 120
960 120
961 120
962 120
963 120
964 440
965 436
966 120
967 120
968 436
969 436
970 436
971 436
972 436
973 441
974 442
975 443
976 51
977 444
978 1
979 445
980 446
981 447
982 448
