0 679 35.18
1 8691 75.64
2 5641 113.49
3 38425 128.82
4 15472 133.42
5 4497 137.24
6 3699 93.65
7 1199 83.11
8 295 5.16
9 10223 249.88
10 24942 126.11
11 14268 268.28
12 15351 7.76
13 3994 170.37
14 4736 232.02
15 7563 104.42
16 30159 111.07
17 1417 51.19
18 15967 6.71
19 11612 33.82
20 5344 4.36
21 32891 18.49
22 8922 9.09
23 3035 5.86
24 315 1.95
25 5829 25.51
26 18439 116.47
27 18313 118.35
28 42619 15.52
29 14267 7.42
30 23153 26.85
31 27542 127.14
32 27132 238.58
33 253 0.46
34 2145 156.51
35 28929 88.33
36 14295 138.69
37 20180 909.62
38 14449 11.44
39 7715 102.52
40 10797 72.87
41 47359 35.49
42 10582 45.31
43 9290 8.52
44 31999 130.3
45 16570 187.57
46 26710 19.42
47 17975 87.54
48 4926 62.11
49 11313 138.41
50 72248 5.86
51 33671 40.25
52 17073 7.83
53 12154 205.46
54 44601 10.22
55 5719 230.69
56 13128 73.09
57 4060 62.84
58 14291 49.15
59 18756 112.3
60 22647 10.7
61 478 50.0
62 10044 5.06
63 44327 8.25
64 1264 65.41
65 9874 208.16
66 29061 8.78
67 25792 3.68
68 53710 5.47
69 41332 5.03
70 31407 7.89
71 24820 6.66
72 21810 6.67
73 17312 7.35
74 19020 6.94
75 37240 10.21
76 44254 56.05
77 33741 19.1
78 26132 10.64
79 4242 290.78
80 12307 214.06
81 1721 156.56
82 4690 40.11
83 31826 94.81
84 26953 231.2
85 29700 62.78
86 23661 401.57
87 12442 318.57
88 17412 280.63
89 5309 138.09
90 23746 36.37
91 22770 96.73
92 10291 95.51
93 4730 118.21
94 28787 27.73
95 9228 107.25
96 12844 39.07
97 35022 42.81
98 25586 144.45
99 2881 91.19
100 45921 8.71
101 9241 34.88
102 3903 3.79
103 18585 4.53
104 740 20.06
105 2995 44.22
106 9347 13.87
107 15352 10.56
108 24969 6.71
109 13567 5.2
110 1222 3.11
111 7994 156.55
112 22754 32.25
113 15761 85.5
114 53473 96.67
115 11886 53.43
116 12946 61.35
117 57369 23.58
118 59080 20.15
119 38920 16.42
120 1959 5.29
121 23673 10.19
122 2149 1.26
123 52485 26.42
124 5852 8.12
125 28996 25.2
126 7899 11.79
127 33846 32.45
128 36297 58.16
129 660 1.28
130 6966 82.14
131 11108 75.06
132 29478 6.38
133 13560 3.8
134 1643 8.33
135 10091 49.02
136 10005 10.91
137 19980 49.06
138 38613 2.69
139 11165 1.69
140 35059 6.06
141 5859 21.37
142 34088 18.8
143 46117 19.49
144 45342 4.38
145 35949 5.77
146 43620 24.49
147 67137 12.64
148 53191 12.52
149 49028 16.78
150 25079 121.63
151 30108 24.07
152 1818 9.5
153 3662 12.49
154 9997 4.35
155 19343 13.0
156 15565 11.61
157 29347 9.63
158 27489 7.69
159 106 4.37
160 11093 102.21
161 15355 304.8
162 28817 319.39
163 28881 104.01
164 17406 74.86
165 29413 15.86
166 6651 129.25
167 11457 54.72
168 8133 204.13
169 17536 66.24
170 31869 104.28
171 6638 96.63
172 11161 8.16
173 10649 6.62
174 50815 101.09
175 3776 16.34
176 28242 125.94
177 21885 8.31
178 27304 586.44
179 19788 6.64
180 26493 74.86
181 8752 35.04
182 2500 17.75
183 28867 31.77
184 45180 23.13
185 18617 25.09
186 3069 32.79
187 793 349.34
188 2983 375.72
189 14280 83.3
190 21399 9.08
191 44142 33.19
192 17822 9.8
193 2566 116.73
194 57881 21.37
195 53024 28.81
196 13787 56.52
197 6362 23.41
198 2542 10.07
199 37401 31.07
200 2622 63.23
201 51847 41.84
202 8026 131.44
203 13961 124.48
204 5353 5.46
205 1811 49.78
206 14685 107.95
207 56349 39.11
208 35105 11.22
209 5589 56.09
210 35335 9.69
211 49481 36.18
212 7974 15.09
213 46914 12.29
214 15698 43.79
215 42012 18.44
216 53029 13.29
217 40828 14.92
218 46207 50.76
219 13692 44.3
220 26 20.32
221 37500 15.84
222 43911 11.53
223 16647 15.62
224 24976 20.59
225 21423 11.22
226 51219 22.44
227 851 13.19
228 46334 11.98
229 35825 8.3
230 27556 18.82
231 22713 10.3
232 21577 5.62
233 34862 8.54
234 40571 22.07
235 10262 43.19
236 41769 59.64
237 26773 10.38
238 39633 9.39
239 32844 8.59
240 6633 11.28
241 31465 8.09
242 19928 7.03
243 50279 7.45
244 30879 32.95
245 32210 9.24
246 24557 7.79
247 11432 90.69
248 17519 33.1
249 2705 56.45
250 2565 62.95
251 20029 12.22
252 8084 240.12
253 15455 33.19
254 9736 105.39
255 3328 21.14
256 1058 17.13
257 10815 15.78
258 4789 93.3
259 38246 40.69
260 12086 90.02
261 599 1.98
262 622 7.44
263 1293 4.7
264 2523 19.54
265 3006 9.17
266 46083 68.95
267 5354 1.19
268 2550 3.1
269 12050 2.28
270 30170 73.43
271 6151 1.32
272 33632 6.94
273 28092 19.91
274 3835 2.22
275 875 0.52
276 12177 29.31
277 22500 90.97
278 25152 19.74
279 1838 84.74
280 13032 17.4
281 17838 11.63
282 151 8.2
283 397 56.87
284 2809 102.61
285 513 7.52
286 5584 73.36
287 11623 103.53
288 9109 67.96
289 27454 43.15
290 5003 73.92
291 136 0.37
292 12273 108.16
293 16062 19.78
294 6627 78.85
295 17029 38.32
296 20862 37.25
297 3794 93.08
298 510 1.42
299 8191 24.56
300 14568 43.79
301 10112 20.49
302 11919 34.57
303 8156 68.77
304 137 0.35
305 10562 48.14
306 5082 121.5
307 12071 146.87
308 7732 90.89
309 7815 109.3
310 8563 40.42
311 15870 25.01
312 44 0.06
313 16326 31.22
314 6647 33.43
315 10293 25.67
316 7938 56.5
317 19068 33.77
318 16287 25.08
319 25968 36.7
320 4109 29.55
321 24170 11.31
322 47552 123.42
323 23642 164.08
324 7265 7.43
325 3588 13.42
326 5474 92.32
327 43830 25.86
328 9816 14.76
329 17603 23.52
330 16910 33.44
331 4218 107.08
332 20104 7.44
333 5986 45.15
334 20189 7.83
335 32084 16.92
336 16961 4.24
337 7600 263.62
338 14339 5.25
339 1170 31.65
340 37821 59.26
341 7080 18.87
342 41616 33.35
343 21263 16.8
344 2871 40.91
345 3120 90.7
346 19491 20.67
347 44905 22.91
348 11199 30.75
349 26458 10.62
350 51019 8.89
351 49824 5.96
352 12153 5.23
353 49343 11.43
354 29168 8.5
355 51921 8.33
356 36964 7.7
357 29751 12.36
358 44420 6.96
359 28217 4.55
360 63576 9.64
361 28075 6.71
362 52969 10.46
363 25700 9.38
364 63786 10.35
365 33705 9.54
366 39341 5.08
367 26838 4.84
368 32154 7.03
369 17724 3.18
370 11927 2.2
371 14586 2.51
372 28749 4.79
373 41329 6.05
374 15588 5.7
375 23948 3.79
376 3397 0.85
377 15107 3.94
378 15760 3.18
379 63916 10.73
380 35372 9.57
381 56039 6.51
382 42847 9.21
383 59039 10.82
384 14107 10.26
385 27415 9.4
386 27570 9.57
387 31257 9.65
388 28498 4.53
389 26696 5.75
390 23204 12.46
391 18929 6.6
392 37858 5.71
393 32890 5.76
394 57663 13.42
395 45235 17.83
396 22658 11.26
397 22380 97.44
398 2635 162.42
399 2724 57.85
400 10936 117.1
401 18733 143.03
402 4416 72.15
403 437 60.1
404 4850 103.53
405 283 21.99
406 4968 34.23
407 21790 333.56
408 7448 180.08
409 786 173.15
410 20601 55.36
411 14742 119.3
412 854 215.34
413 5060 241.5
414 14158 19.39
415 1728 184.39
416 31055 648.6
417 3615 54.0
418 220 0.14
419 45842 39.0
420 1959 0.65
421 1294 60.87
422 2060 23.31
423 10510 208.89
424 291 1.86
425 2142 26.76
426 5916 54.58
427 14014 56.31
428 308 3.0
429 872 0.64
430 5458 0.82
431 22925 10.01
432 6741 1.37
433 29750 11.82
434 21833 17.09
435 1693 33.05
436 17486 209.47
437 11330 105.85
438 20073 89.61
439 312 3.42
440 17402 105.5
441 29321 10.34
442 17493 44.62
443 14067 38.25
444 21586 14.76
445 2 0.25
446 5445 69.95
447 1642 4.55
448 3044 26.51
449 46145 15.67
450 804 3.37
451 24092 26.86
452 10003 35.52
453 22336 121.74
454 7346 66.52
455 22800 34.39
456 13996 29.46
457 19759 24.62
458 20824 10.44
459 6297 13.76
460 297 2.68
461 3784 15.84
462 6692 75.55
463 17814 53.3
464 37129 22.18
465 26208 11.67
466 8133 25.65
467 31099 15.3
468 12907 67.36
469 32144 32.24
470 21079 8.23
471 12648 19.47
472 99 0.13
473 13137 3.75
474 38464 46.71
475 30756 10.8
476 24147 8.55
477 20048 47.92
478 21716 26.9
479 20064 17.38
480 22015 36.62
481 15427 12.64
482 21898 20.55
483 16132 11.75
484 5807 7.81
485 55034 33.89
486 13665 108.22
487 19813 143.1
488 25723 21.34
489 19172 17.64
490 108 0.65
491 20758 39.4
492 14117 15.74
493 23541 9.03
494 15999 4.37
495 23638 4.81
496 20225 8.22
497 43453 8.62
498 11505 42.12
499 29283 11.68
500 36693 21.55
501 52003 15.89
502 23074 14.53
503 25392 21.39
504 39222 17.85
505 34581 26.59
506 27610 7.43
507 15203 31.07
508 32677 10.39
509 19522 22.95
510 25488 14.77
511 41443 8.6
512 25570 8.66
513 31990 7.35
514 46449 9.78
515 35485 7.44
516 19100 4.14
517 11515 2.55
518 17746 3.28
519 5158 0.89
520 12839 12.36
521 37457 8.97
522 24645 9.15
523 27557 13.64
524 15741 5.69
525 8057 105.78
526 1391 181.12
527 13193 515.22
528 252 2.29
529 11808 233.35
530 9223 276.0
531 3671 105.62
532 7312 276.9
533 2377 118.33
534 129 39.06
535 3869 123.17
536 6860 7.7
537 21363 396.09
538 2449 61.67
539 22886 116.81
540 856 22.38
541 11720 166.56
542 37798 42.63
543 28874 31.11
544 7519 18.39
545 20980 27.81
546 27094 15.58
547 31698 15.4
548 8722 159.07
549 13166 9.78
550 227 1.08
551 20234 51.26
552 33804 99.81
553 28763 20.04
554 29345 21.85
555 3515 5.85
556 2756 2.86
557 907 1.9
558 14117 35.33
559 276 2.29
560 43 0.66
561 3036 30.3
562 487 0.11
563 194 0.14
564 19709 46.58
565 16025 258.94
566 5296 217.41
567 3412 153.38
568 5867 6.68
569 32485 34.94
570 11235 4.05
571 3457 16.3
572 13 0.59
573 3510 139.37
574 21427 113.74
575 26551 78.37
576 12704 53.19
577 7669 26.26
578 459 21.1
579 12042 3.36
580 26312 8.89
581 40748 7.25
582 29659 10.07
583 24879 5.5
584 29140 6.45
585 44963 7.4
586 16921 7.28
587 9549 4.4
588 30790 4.69
589 19155 4.5
590 30879 8.77
591 32570 11.4
592 29156 6.72
593 13074 6.76
594 49396 21.64
595 36017 46.53
596 15162 7.32
597 41722 9.49
598 20221 5.03
599 20082 6.14
600 16421 6.55
601 41896 11.71
602 23443 6.15
603 35938 10.84
604 53766 10.74
605 29754 8.02
606 19260 6.65
607 38548 9.03
608 20969 9.3
609 22088 21.32
610 48808 18.41
611 65245 42.65
612 14557 7.32
613 19743 657.8
614 18715 4.79
615 18290 8.89
616 21720 5.46
617 32104 6.58
618 14414 46.75
619 53718 28.07
620 6265 7.06
621 19100 12.92
622 10817 18.62
623 12093 3.93
624 37399 19.51
625 14029 9.71
626 38 0.05
627 4625 66.39
628 3122 155.95
629 22406 16.62
630 11730 3.8
631 28213 13.55
632 3298 2.3
633 32011 12.3
634 21441 10.7
635 1145 0.24
636 6326 71.66
637 7742 88.74
638 16315 39.57
639 37456 5.21
640 232 1119.04
641 27571 4.22
642 43539 5.19
643 28909 3.31
644 43788 7.38
645 46867 5.01
646 1 5.93
647 31926 4.18
648 13791 1.43
649 26903 3.09
650 27811 3.5
651 7562 0.4
652 26108 1.1
653 29758 2.54
654 36066 2.16
655 52677 3.86
656 14995 3.11
657 31315 13.57
658 19410 2.02
659 13833 1.35
660 6694 2.79
661 63226 14.82
662 39353 6.89
663 46933 7.25
664 52606 7.07
665 33141 5.05
666 50170 12.27
667 56149 7.62
668 18413 3.22
669 40053 4.25
670 30840 3.41
671 14917 0.4
672 39489 55.59
673 13497 20.77
674 16929 15.42
675 53206 7.7
676 21075 2.45
677 37664 6.55
678 46044 8.14
679 32524 3.08
680 23828 5.54
681 0 0.001
682 4313 14.83
683 33852 3.81
684 23038 9.38
685 40654 6.13
686 43194 6.0
687 63544 5.82
688 12389 4.68
689 35249 2.32
690 21210 3.04
691 594 0.31
692 13971 1.78
693 18846 4.14
694 46187 4.32
695 27189 4.59
696 12253 13.17
697 11593 1.78
698 122 0.3
699 18613 279.42
700 34110 18.35
701 796 0.44
702 27707 92.55
703 5514 244.49
704 6118 102.31
705 20037 11.36
706 14911 17.37
707 22716 12.26
708 14115 24.79
709 6025 14.62
710 15626 291.06
711 12830 26.29
712 19518 41.72
713 25366 27.84
714 6773 264.16
715 303 1.08
716 12186 9.6
717 4239 10.33
718 23297 19.47
719 24544 16.81
720 7103 9.42
721 15436 5.12
722 40405 98.21
723 22257 16.43
724 38480 14.98
725 38285 23.25
726 61494 23.8
727 13764 9.78
728 31008 56.69
729 25356 8.61
730 28996 33.25
731 7037 2.33
732 9410 193.04
733 15616 132.81
734 13854 173.49
735 3325 86.03
736 5518 135.05
737 38934 21.1
738 314 0.13
739 4524 38.21
740 38483 63.35
741 48789 18.95
742 34876 12.57
743 30501 8.24
744 29517 7.17
745 7604 121.74
746 33306 11.53
747 6906 2.72
748 13570 12.39
749 28225 7.59
750 7915 1.98
751 17669 6.16
752 34305 9.33
753 27918 35.93
754 6606 129.52
755 18817 5.28
756 13429 102.2
757 30879 11.62
758 36430 12.2
759 20165 15.56
760 29729 47.61
761 7302 49.83
762 4118 77.01
763 26759 18.69
764 36917 54.69
765 24546 65.8
766 5456 92.4
767 24632 202.75
768 23980 11.48
769 27126 15.83
770 8691 11.55
771 32770 17.44
772 433 0.52
773 324 26.81
774 4701 33.65
775 7713 52.97
776 1129 11.95
777 2551 25.05
778 825 7.94
779 407 1.57
780 5807 24.41
781 1713 23.77
782 593 17.05
783 11201 84.53
784 1741 27.48
785 1904 165.32
786 6460 406.66
787 5856 74.13
788 11075 162.87
789 2644 26.04
790 2921 59.02
791 942 48.54
792 4983 106.21
793 114 0.08
794 2144 52.34
795 1475 45.45
796 8684 184.81
797 78 0.39
798 89 0.13
799 20628 61.14
800 1720 2.76
801 23119 17.96
802 38251 32.3
803 20134 10.24
804 31203 42.02
805 10060 54.03
806 18010 14.15
807 27837 9.01
808 4055 16.23
809 6469 16.17
810 15392 21.29
811 17103 102.81
812 35848 22.22
813 20776 12.55
814 8251 8.76
815 22138 7.04
816 761 7.19
817 28666 55.29
818 1648 1.51
819 20830 72.17
820 22799 7.59
821 30613 9.73
822 57 0.13
823 19500 6.41
824 28173 9.38
825 37315 36.55
826 19730 16.83
827 12534 9.26
828 10880 25.03
829 10798 3.98
830 4947 61.56
831 9176 437.8
832 13954 10.64
833 20383 340.87
834 20699 22.42
835 10322 9.19
836 28382 11.03
837 9534 24.27
838 5522 16.18
839 8180 14.48
840 15394 12.95
841 2125 9.12
842 15958 12.97
843 16875 28.55
844 13653 201.98
845 26147 151.11
846 1075 116.84
847 14250 71.05
848 6818 264.45
849 298 54.49
850 25756 22.82
851 16407 16.27
852 17971 28.03
853 273 1.33
854 10 3.7
855 227 9.85
856 561 3.44
857 359 0.67
858 27002 16.08
859 20762 15.6
860 14112 11.53
861 23691 9.99
862 10460 5.65
863 18994 19.76
864 16874 7.76
865 23338 12.54
866 30005 9.56
867 13933 9.93
868 12150 3.44
869 11982 22.71
870 26435 6.05
871 15014 2.67
872 7407 3.65
873 25066 5.86
874 8499 7.3
875 20850 5.38
876 29664 9.94
877 15424 7.27
878 17496 5.31
879 15133 5.11
880 19162 4.77
881 15901 3.66
882 8007 1.99
883 31268 10.58
884 25847 6.54
885 17286 13.02
886 7274 15.5
887 1294 0.56
888 20842 9.92
889 18167 5.32
890 17887 3.47
891 17820 5.41
892 24599 5.27
893 32780 7.94
894 26023 5.13
895 29839 5.88
896 16826 4.99
897 13275 4.11
898 24045 6.66
899 25922 6.66
900 17140 5.75
901 29812 6.55
902 18531 3.7
903 15447 3.41
904 22981 5.19
905 17712 4.6
906 25281 5.18
907 5533 1.18
908 1669 0.54
909 26146 5.37
910 31275 7.24
911 14263 3.73
912 12402 3.45
913 148 0.58
914 16098 3.43
915 23680 5.22
916 41870 17.73
917 9848 4.05
918 19881 12.37
919 17338 24.21
920 39082 12.87
921 22084 9.5
922 3982 17.84
923 10673 8.13
924 24521 12.57
925 12869 3.7
926 30120 43.86
927 10892 19.29
928 14916 5.5
929 36374 22.14
930 22752 50.73
931 28092 21.94
932 34628 63.8
933 2248 16.25
934 9079 25.67
935 20139 14.62
936 10856 19.31
937 39457 54.94
938 11952 5.25
939 17135 141.68
940 6351 293.61
941 15146 20.44
942 33121 16.17
943 33001 45.77
944 13590 68.7
945 13516 29.61
946 11501 68.23
947 7125 13.2
948 17599 8.23
949 16245 26.56
950 2775 36.43
951 19816 23.76
952 17970 14.96
953 2199 3.34
954 23859 15.61
955 17500 13.23
956 30969 10.97
957 16653 6.14
958 7192 6.0
959 30268 9.43
960 8865 3.6
961 15038 4.46
962 12394 3.52
963 16304 3.91
964 6888 4.13
965 3682 3.42
966 13640 6.55
967 26115 17.45
968 34862 15.78
969 29728 6.19
970 15916 9.18
971 29656 6.49
972 31816 12.59
973 768 0.44
974 5007 2.19
975 1503 0.77
976 9232 236.42
977 3149 112.26
978 29980 18.99
979 18985 9.39
980 4007 71.85
981 217 7.72
982 3858 39.91
