0 0
1 1
2 2
3 3
4 4
5 5
6 6
7 7
8 8
9 9
10 10
11 11
12 12
13 13
14 14
15 15
16 16
17 17
18 18
19 19
20 20
21 21
22 22
23 23
24 24
25 25
26 26
27 27
28 28
29 29
30 30
31 31
32 32
33 33
34 34
35 35
36 36
37 37
38 38
39 39
40 40
41 41
42 42
43 43
44 44
45 45
46 46
47 47
48 48
49 49
50 50
51 51
52 52
53 53
54 54
55 55
56 56
57 57
58 58
59 59
60 60
61 61
62 62
63 63
64 64
65 65
66 66
67 67
68 68
69 69
70 70
71 71
72 72
73 73
74 74
75 75
76 76
77 77
78 78
79 79
80 80
81 81
82 82
83 83
84 84
85 85
86 86
87 84
88 87
89 88
90 89
91 89
92 90
93 91
94 92
95 93
96 94
97 95
98 96
99 97
100 98
101 99
102 100
103 101
104 102
105 103
106 104
107 105
108 106
109 107
110 108
111 109
112 110
113 111
114 112
115 113
116 114
117 115
118 116
119 117
120 118
121 119
122 120
123 121
124 122
125 123
126 123
127 124
128 125
129 126
130 127
131 123
132 123
133 128
134 110
135 129
136 130
137 131
138 132
139 133
140 134
141 135
142 136
143 137
144 138
145 139
146 140
147 141
148 142
149 143
150 144
151 145
152 146
153 147
154 148
155 149
156 150
157 151
158 152
159 153
160 154
161 155
162 156
163 157
164 110
165 158
166 110
167 159
168 160
169 161
170 162
171 163
172 164
173 165
174 166
175 167
176 168
177 169
178 170
179 110
180 171
181 172
182 110
183 173
184 174
185 175
186 176
187 177
188 178
189 179
190 180
191 181
192 182
193 183
194 184
195 184
196 185
197 186
198 187
199 188
200 189
201 89
202 89
203 89
204 190
205 191
206 184
207 89
208 192
209 193
210 194
211 194
212 195
213 196
214 197
215 193
216 198
217 199
218 200
219 201
220 202
221 203
222 204
223 205
224 206
225 184
226 207
227 208
228 209
229 210
230 211
231 212
232 213
233 214
234 215
235 216
236 217
237 218
238 219
239 220
240 221
241 222
242 223
243 224
244 225
245 226
246 227
247 228
248 229
249 230
250 231
251 232
252 233
253 89
254 89
255 234
256 235
257 236
258 237
259 238
260 239
261 236
262 240
263 89
264 241
265 89
266 89
267 190
268 89
269 242
270 243
271 244
272 245
273 246
274 247
275 248
276 249
277 250
278 251
279 252
280 253
281 254
282 255
283 256
284 257
285 258
286 259
287 260
288 261
289 262
290 263
291 264
292 265
293 266
294 267
295 268
296 269
297 270
298 271
299 272
300 273
301 274
302 275
303 276
304 277
305 278
306 279
307 280
308 281
309 282
310 283
311 284
312 285
313 286
314 287
315 288
316 289
317 290
318 291
319 292
320 293
321 294
322 295
323 296
324 297
325 298
326 299
327 300
328 301
329 302
330 303
331 304
332 305
333 306
334 307
335 308
336 309
337 310
338 311
339 312
340 313
341 314
342 315
343 316
344 317
345 318
346 319
347 320
348 321
349 322
350 323
351 324
352 325
353 326
354 327
355 328
356 329
357 330
358 331
359 332
360 333
361 334
362 335
363 336
364 337
365 338
366 339
367 340
368 341
369 342
370 343
371 344
372 345
373 346
374 347
375 348
376 349
377 350
378 351
379 352
380 353
381 354
382 355
383 356
384 357
385 358
386 359
387 360
388 361
389 362
390 363
391 23
392 364
393 365
394 366
395 367
396 368
397 369
398 370
399 371
400 372
401 373
402 374
403 375
404 376
405 377
406 378
407 379
408 380
409 381
410 382
411 383
412 384
413 385
414 386
415 387
416 388
417 389
418 390
419 391
420 392
421 388
422 393
423 394
424 395
425 396
426 397
427 388
428 398
429 399
430 400
431 401
432 402
433 403
434 404
435 405
436 406
437 407
438 408
439 409
440 410
441 411
442 412
443 413
444 414
445 415
446 416
447 417
448 418
449 419
450 420
451 421
452 422
453 423
454 424
455 425
456 426
457 427
458 428
459 429
460 430
461 431
462 432
463 433
464 434
465 435
466 436
467 437
468 438
469 439
470 440
471 441
472 442
473 443
474 444
475 445
476 446
477 447
478 448
479 449
480 450
481 451
482 452
483 453
484 454
485 455
486 456
487 457
488 458
489 459
490 460
491 461
492 462
493 463
494 464
495 465
496 466
497 467
498 468
499 469
500 470
501 471
502 472
503 473
504 474
505 475
506 476
507 477
508 478
509 479
510 480
511 481
512 482
513 483
514 484
515 485
516 486
517 487
518 488
519 489
520 19
521 19
522 19
523 19
524 490
525 19
526 19
527 491
528 492
529 493
530 19
531 494
532 495
533 496
534 497
535 498
536 499
537 500
538 501
539 502
540 503
541 504
542 505
543 506
544 507
545 508
546 509
547 510
548 511
549 512
550 513
551 514
552 515
553 516
554 517
555 518
556 519
557 520
558 521
559 522
560 523
561 524
562 525
563 526
564 527
565 528
566 529
567 530
568 531
569 532
570 533
571 534
572 535
573 536
574 537
575 538
576 539
577 540
578 541
579 542
580 543
581 544
582 545
583 546
584 547
585 548
586 549
587 550
588 551
589 552
590 553
591 554
592 555
593 556
594 557
595 558
596 559
597 560
598 561
599 562
600 563
601 564
602 565
603 566
604 567
605 568
606 569
607 570
608 571
609 572
610 573
611 574
612 575
613 576
614 577
615 578
616 579
617 580
618 581
619 582
620 583
621 584
622 585
623 586
624 587
625 588
626 589
627 590
628 591
629 592
630 593
631 594
632 595
633 596
634 597
635 598
636 599
637 600
638 601
639 602
640 603
641 604
642 605
643 606
644 607
645 608
646 609
647 610
648 611
649 612
650 613
651 614
652 615
653 616
654 617
655 618
656 619
657 620
658 621
659 622
660 623
661 624
662 625
663 626
664 627
665 628
666 629
667 630
668 631
669 632
670 633
671 634
672 635
673 636
674 637
675 638
676 639
677 640
678 641
679 642
680 643
681 644
682 645
683 646
684 647
685 648
686 649
687 650
688 651
689 645
690 652
691 653
692 654
693 655
694 656
695 657
696 658
697 659
698 660
699 661
700 662
701 663
702 664
703 665
704 666
705 667
706 668
707 669
708 670
709 671
710 672
711 673
712 674
713 675
714 676
715 677
716 678
717 679
718 680
719 681
720 682
721 683
722 684
723 685
724 686
725 687
726 688
727 689
728 690
729 691
730 692
731 693
732 694
733 695
734 696
735 697
736 698
737 699
738 700
739 701
740 702
741 703
742 704
743 705
744 706
745 707
746 708
747 709
748 710
749 711
750 712
751 713
752 714
753 715
754 716
755 717
756 717
757 717
758 717
759 717
760 717
761 718
762 719
763 720
764 721
765 722
766 723
767 724
768 725
769 726
770 727
771 728
772 729
773 730
774 731
775 732
776 733
777 734
778 735
779 736
780 737
781 738
782 739
783 740
784 741
785 742
786 743
787 744
788 745
789 746
790 747
791 748
792 749
793 750
794 751
795 752
796 753
797 754
798 755
799 756
800 757
801 758
802 759
803 760
804 761
805 762
806 763
807 764
808 765
809 766
810 767
811 768
812 769
813 770
814 771
815 772
816 773
817 774
818 775
819 776
820 777
821 778
822 779
823 780
824 781
825 782
826 783
827 784
828 785
829 786
830 787
831 788
832 789
833 790
834 791
835 792
836 793
837 794
838 795
839 796
840 797
841 798
842 799
843 800
844 801
845 802
846 803
847 804
848 805
849 806
850 807
851 808
852 809
853 810
854 811
855 812
856 813
857 814
858 815
859 84
860 816
861 817
862 818
863 819
864 820
865 821
866 822
867 823
868 824
869 825
870 826
871 827
872 828
873 829
874 830
875 831
876 832
877 833
878 834
879 835
880 836
881 837
882 838
883 839
884 840
885 841
886 842
887 843
888 844
889 845
890 846
891 847
892 848
893 849
894 850
895 851
896 852
897 853
898 854
899 855
900 856
901 857
902 858
903 859
904 860
905 861
906 862
907 863
908 864
909 865
910 866
911 867
912 868
913 869
914 870
915 871
916 872
917 873
918 874
919 875
920 876
921 877
922 878
923 879
924 880
925 881
926 882
927 883
928 884
929 885
930 886
931 887
932 888
933 889
934 890
