0 3733 77.33
1 12691 156.26
2 2295 97.65
3 1999 62.33
4 302 33.51
5 1452 110.26
6 646 74.23
7 364 35.97
8 885 71.14
9 2867 126.43
10 804 49.13
11 6853 135.73
12 4159 132.23
13 1033 36.71
14 1659 69.56
15 310 30.85
16 568 45.19
17 1815 113.71
18 6493 201.1
19 5566 44.85
20 1701 30.95
21 6193 114.18
22 5110 40.15
23 36376 118.73
24 8251 200.28
25 2802 110.06
26 3093 39.8
27 734 31.02
28 398 50.15
29 1407 95.83
30 3325 195.92
31 8494 166.6
32 16287 194.01
33 3131 135.78
34 702 75.6
35 5029 131.12
36 1982 120.54
37 3192 46.18
38 798 41.97
39 453 30.19
40 6642 149.3
41 7098 346.1
42 583 56.88
43 7238 67.88
44 5776 152.58
45 377 45.27
46 1553 61.7
47 594 36.66
48 1989 107.48
49 1410 64.34
50 537 63.51
51 7137 123.95
52 857 67.94
53 3570 112.72
54 1100 61.75
55 5613 172.25
56 3712 152.22
57 5976 217.27
58 984 57.11
59 7035 176.22
60 7297 208.61
61 1299 85.06
62 411 43.28
63 2070 89.82
64 501 48.68
65 560 50.0
66 2303 134.65
67 2016 98.99
68 1107 42.36
69 2507 174.66
70 305 37.94
71 818 78.89
72 138 19.64
73 440 72.35
74 4130 99.81
75 4412 89.7
76 4340 74.57
77 19556 163.65
78 448 47.95
79 660 18.7
80 514 34.0
81 29723 110.87
82 1071 45.49
83 10344 172.85
84 43173 26.14
85 4365 105.58
86 481 47.52
87 13436 56.38
88 721 40.66
89 1249 82.64
90 7846 11.82
91 35853 10.02
92 4724 37.48
93 447 35.24
94 2923 108.08
95 432 29.76
96 1000 72.81
97 3090 94.34
98 36980 74.17
99 29078 155.96
100 4504 102.14
101 696 30.81
102 4947 84.6
103 6431 148.64
104 1208 43.4
105 1428 56.73
106 4043 83.32
107 2106 21.65
108 2025 78.53
109 1074 36.76
110 5865 59.51
111 8682 119.19
112 6896 16.44
113 1754 74.72
114 115 0.09
115 1203 59.06
116 404 30.05
117 3202 97.54
118 1041 60.77
119 867 50.98
120 285 23.47
121 861 40.81
122 845 27.3
123 533 21.98
124 6168 86.2
125 32230 160.05
126 22573 8.28
127 1928 60.41
128 178 0.46
129 1788 71.97
130 18911 11.88
131 21114 9.09
132 1592 0.72
133 3012 83.61
134 23673 26.25
135 629 28.38
136 698 2.02
137 14775 34.7
138 3873 122.06
139 590 41.05
140 3153 58.03
141 592 28.62
142 965 50.64
143 210 15.7
144 1085 52.06
145 1932 45.66
146 7643 146.58
147 721 49.17
148 379 29.57
149 1222 28.96
150 2006 42.32
151 2303 28.28
152 4527 127.29
153 1890 40.12
154 2772 37.4
155 311 16.64
156 1455 0.82
157 3578 111.99
158 397 32.21
159 1468 3.27
160 5645 79.65
161 9173 152.52
162 1267 66.28
163 279 14.74
164 37796 54.84
165 2180 16.57
166 23621 14.6
167 2436 89.06
168 1152 25.2
169 445 38.84
170 277 36.75
171 709 80.66
172 1456 105.14
173 668 42.25
174 12357 211.79
175 1728 52.32
176 1420 97.91
177 988 56.04
178 2656 89.73
179 2017 1.19
180 397 28.63
181 2363 49.12
182 40149 13.78
183 2461 28.84
184 1093 13.11
185 6981 3.51
186 2826 3.08
187 1357 54.03
188 3283 33.76
189 221 20.73
190 90 0.19
191 873 42.11
192 237 0.46
193 132 0.09
194 28094 55.88
195 29359 59.86
196 2047 81.45
197 4420 81.65
198 2940 83.42
199 11720 170.74
200 1813 22.06
201 30221 8.05
202 15113 2.51
203 15339 5.68
204 27986 22.14
205 1158 7.94
206 4062 0.76
207 17376 18.05
208 15448 7.69
209 31530 10.76
210 31653 17.14
211 23625 16.52
212 17499 21.81
213 9407 27.49
214 2762 21.88
215 10201 7.72
216 992 39.88
217 2453 76.08
218 11192 56.24
219 932 40.68
220 1691 75.83
221 44 0.11
222 3750 20.89
223 4903 1.44
224 465 0.37
225 1390 0.05
226 244 0.55
227 16069 34.68
228 2517 80.39
229 2211 66.25
230 2417 69.62
231 16136 25.16
232 3095 55.28
233 10467 18.79
234 850 38.64
235 2745 88.02
236 537 33.29
237 13939 117.39
238 5387 45.09
239 498 15.29
240 501 27.03
241 5559 58.13
242 1027 19.19
243 913 48.67
244 1605 74.41
245 842 53.6
246 20417 164.26
247 3356 58.42
248 1372 57.48
249 11536 183.49
250 842 40.42
251 8199 115.86
252 1681 44.35
253 12465 2.49
254 5431 2.84
255 1582 62.62
256 243 8.54
257 741 30.92
258 1288 88.54
259 680 23.99
260 238 20.14
261 858 0.47
262 474 5.32
263 20027 18.66
264 724 79.27
265 16440 3.56
266 36207 22.91
267 21595 25.75
268 0 0.001
269 1524 46.04
270 399 0.37
271 1550 34.49
272 1195 25.96
273 299 17.01
274 1270 40.44
275 887 45.74
276 964 82.37
277 498 41.84
278 6594 114.39
279 1118 5.12
280 2671 88.21
281 748 39.42
282 329 23.41
283 205 3.05
284 1332 77.79
285 2604 65.8
286 139 0.21
287 480 29.36
288 1205 64.66
289 9020 102.97
290 2515 83.28
291 466 20.52
292 526 47.92
293 1039 65.65
294 569 36.15
295 613 31.26
296 29 0.01
297 438 29.28
298 1388 50.44
299 262 24.81
300 1489 65.88
301 255 30.3
302 631 68.95
303 360 29.22
304 483 40.33
305 483 46.61
306 1099 50.32
307 1297 107.73
308 2824 234.01
309 378 45.26
310 2305 205.77
311 376 50.41
312 148 21.62
313 2087 128.91
314 2740 117.18
315 457 89.25
316 861 87.37
317 1123 92.17
318 796 79.84
319 9590 208.93
320 584 79.65
321 652 53.28
322 272 50.59
323 763 62.63
324 2057 145.51
325 596 75.61
326 622 57.01
327 1093 60.26
328 87 0.32
329 34 0.71
330 6812 209.52
331 466 67.29
332 2901 139.56
333 453 32.31
334 2969 92.55
335 452 60.72
336 532 50.91
337 293 30.01
338 274 43.58
339 1743 118.13
340 811 109.77
341 474 44.21
342 92 16.94
343 471 72.76
344 1429 107.54
345 334 48.58
346 567 75.66
347 282 43.79
348 895 82.48
349 2330 102.29
350 105 0.26
351 363 41.05
352 1923 130.16
353 721 56.0
354 306 36.93
355 301 35.23
356 214 1.62
357 914 28.55
358 445 22.16
359 228 34.85
360 2306 110.8
361 511 34.86
362 1346 100.08
363 173 25.38
364 1184 79.89
365 405 55.77
366 71 0.17
367 6703 162.77
368 6025 106.58
369 1783 76.81
370 255 49.14
371 370 29.12
372 1748 119.83
373 1379 34.48
374 1828 81.02
375 526 51.89
376 328 40.81
377 1455 59.9
378 9236 100.38
379 795 72.08
380 262 41.33
381 449 54.33
382 141 19.19
383 530 39.03
384 854 54.15
385 2110 50.15
386 1011 35.62
387 1753 41.85
388 1788 85.0
389 5245 155.91
390 1013 45.75
391 35406 24.16
392 1616 48.86
393 433 24.86
394 649 46.83
395 378 43.98
396 1671 128.61
397 2340 116.0
398 501 39.94
399 357 51.41
400 560 82.29
401 873 69.57
402 449 33.92
403 2915 113.11
404 79 0.04
405 437 44.16
406 181 0.56
407 3785 1.87
408 779 54.85
409 1039 64.3
410 187 2.64
411 2036 85.72
412 465 32.67
413 2099 97.36
414 1184 60.52
415 4054 86.12
416 30324 81.59
417 2747 62.82
418 42031 125.83
419 1804 50.3
420 2418 79.01
421 19863 93.69
422 2436 92.56
423 2456 110.84
424 8509 9.66
425 1894 29.9
426 713 0.39
427 19970 9.38
428 335 22.23
429 795 2.01
430 1743 52.2
431 3555 156.48
432 1249 33.77
433 12131 124.32
434 2105 57.12
435 1728 82.81
436 1204 82.54
437 3206 25.01
438 1027 53.8
439 697 34.91
440 737 41.2
441 499 52.58
442 446 34.44
443 2024 57.02
444 1530 63.86
445 269 22.21
446 8648 142.59
447 2410 88.54
448 581 32.2
449 1095 53.55
450 3313 94.91
451 392 30.41
452 1603 80.04
453 1850 71.21
454 803 50.87
455 1572 85.31
456 2017 47.42
457 547 2.03
458 2841 97.8
459 1004 60.95
460 2464 142.02
461 3456 106.74
462 168 15.01
463 256 48.61
464 1333 38.66
465 219 0.17
466 1927 140.57
467 193 27.64
468 1502 111.96
469 2128 89.39
470 1798 106.4
471 12373 175.09
472 2674 170.26
473 1161 75.45
474 695 86.22
475 400 25.49
476 5228 167.65
477 116 0.37
478 584 55.16
479 1013 107.88
480 710 76.32
481 691 40.53
482 226 25.91
483 75 0.52
484 309 32.37
485 761 40.73
486 904 60.53
487 1583 59.17
488 2855 117.81
489 1092 51.52
490 1398 84.91
491 676 56.46
492 615 65.2
493 520 46.05
494 552 29.94
495 885 60.98
496 246 0.16
497 1467 94.71
498 126 15.61
499 2824 54.23
500 658 54.27
501 611 55.6
502 394 39.36
503 733 54.47
504 1165 50.23
505 1047 86.12
506 931 73.09
507 9838 173.08
508 615 60.29
509 233 18.76
510 353 15.51
511 1820 112.07
512 773 91.32
513 1319 66.72
514 12336 233.61
515 862 108.48
516 478 34.21
517 2432 139.21
518 1535 90.26
519 526 55.78
520 22104 7.73
521 10216 6.08
522 809 1.18
523 17453 10.55
524 1260 92.59
525 94 6.68
526 26544 31.16
527 1027 60.21
528 1737 59.4
529 730 33.71
530 3098 18.14
531 151 0.24
532 510 46.9
533 554 33.3
534 2065 126.98
535 1378 101.3
536 1685 107.71
537 2631 136.4
538 789 78.8
539 528 53.91
540 506 43.65
541 1491 94.26
542 251 22.64
543 1660 92.95
544 1007 82.85
545 646 77.02
546 322 23.81
547 2741 114.69
548 1075 81.96
549 1033 81.86
550 404 36.67
551 253 34.62
552 90 3.37
553 2475 85.95
554 456 67.72
555 398 44.09
556 2405 137.35
557 1081 100.42
558 3583 139.52
559 158 26.91
560 969 63.11
561 346 52.89
562 1625 88.95
563 2181 111.25
564 1022 105.99
565 527 63.74
566 996 94.98
567 380 51.34
568 2500 97.52
569 307 35.17
570 872 91.2
571 248 43.31
572 394 44.65
573 275 24.28
574 503 31.22
575 521 57.32
576 144 23.68
577 68 0.4
578 3032 89.74
579 933 66.74
580 205 37.53
581 5869 124.14
582 1116 84.6
583 64 0.19
584 490 62.5
585 1648 65.87
586 9165 154.12
587 367 28.81
588 735 46.39
589 66 9.82
590 1007 113.04
591 862 46.09
592 628 66.73
593 173 0.41
594 1083 86.45
595 441 34.17
596 873 69.99
597 410 41.29
598 750 49.82
599 298 25.91
600 590 87.13
601 320 28.57
602 618 44.29
603 624 54.98
604 604 42.16
605 1492 82.17
606 381 31.2
607 433 34.69
608 234 20.54
609 515 29.14
610 836 20.99
611 104 1.22
612 719 24.65
613 837 0.54
614 3567 122.83
615 1447 72.82
616 1993 57.86
617 13105 68.2
618 226 22.14
619 4219 16.4
620 2449 66.41
621 826 40.26
622 3176 71.18
623 290 0.64
624 376 54.18
625 2359 95.23
626 229 0.35
627 412 42.89
628 13086 50.95
629 745 32.8
630 2002 38.23
631 594 36.29
632 887 46.07
633 95 0.19
634 445 42.42
635 1346 94.08
636 1274 71.32
637 30678 177.02
638 515 0.38
639 384 0.23
640 675 43.01
641 49 2.49
642 1182 116.4
643 878 84.87
644 342 46.55
645 610 93.27
646 366 44.28
647 709 55.84
648 128 11.17
649 285 27.92
650 2537 141.44
651 15055 159.0
652 585 38.82
653 3028 126.47
654 430 35.04
655 1583 115.46
656 993 47.64
657 30220 225.64
658 1005 14.19
659 1132 97.21
660 967 61.77
661 830 58.08
662 1745 83.52
663 97 0.23
664 291 20.61
665 521 47.26
666 399 47.06
667 962 34.79
668 1215 87.88
669 954 68.44
670 134 10.2
671 1373 35.76
672 460 38.11
673 168 1.04
674 65 0.18
675 416 0.46
676 438 22.54
677 688 57.64
678 328 32.68
679 615 28.23
680 1246 74.91
681 152 0.74
682 13247 176.53
683 646 60.46
684 888 57.7
685 2027 116.15
686 938 53.19
687 162 28.42
688 435 45.18
689 85 0.04
690 826 39.09
691 1407 95.75
692 7847 137.06
693 344 24.98
694 762 43.76
695 600 35.72
696 142 16.4
697 284 0.39
698 3018 144.14
699 29837 149.16
700 1741 46.49
701 2394 121.9
702 268 36.83
703 2097 73.64
704 9384 118.44
705 353 21.6
706 498 8.98
707 2897 81.01
708 774 28.78
709 775 73.94
710 548 41.97
711 1482 121.95
712 588 44.08
713 1615 98.91
714 1374 111.65
715 673 23.56
716 422 31.14
717 1828 136.71
718 127 17.28
719 450 32.51
720 804 39.24
721 250 3.67
722 695 61.82
723 689 42.51
724 2976 144.49
725 781 76.53
726 444 43.84
727 5848 136.12
728 252 0.44
729 94 0.27
730 56 0.02
731 880 62.64
732 1574 87.96
733 54 0.13
734 2518 71.15
735 639 51.73
736 1757 89.19
737 373 39.71
738 724 36.68
739 684 58.02
740 1676 122.63
741 289 32.67
742 40 0.37
743 347 22.57
744 92 0.43
745 273 0.75
746 518 62.16
747 820 45.3
748 383 39.45
749 925 2.01
750 895 56.66
751 5120 167.83
752 1609 51.21
753 8850 41.27
754 2133 42.77
755 27503 30.68
756 22174 5.12
757 1122 0.36
758 10868 9.56
759 27379 33.8
760 13470 29.53
761 34754 26.53
762 5153 24.9
763 349 0.67
764 2380 56.28
765 671 41.2
766 633 28.54
767 1110 1.55
768 4468 36.12
769 8658 157.68
770 1426 32.25
771 967 26.47
772 199 0.62
773 1223 68.24
774 894 52.74
775 847 41.17
776 1128 49.76
777 782 59.37
778 940 53.35
779 434 0.27
780 409 24.34
781 28293 110.82
782 619 30.1
783 1054 49.76
784 136 0.28
785 7618 117.22
786 108 0.63
787 874 41.98
788 4950 36.59
789 201 1.19
790 1602 84.01
791 439 41.24
792 128 0.23
793 1002 53.68
794 1373 84.38
795 432 19.73
796 283 25.55
797 31591 211.5
798 590 58.83
799 3274 89.72
800 730 26.78
801 210 16.99
802 87 0.5
803 1233 51.0
804 843 86.3
805 323 16.97
806 931 0.99
807 126 0.26
808 51 0.92
809 2624 91.26
810 762 64.98
811 178 18.34
812 867 39.85
813 2138 120.42
814 532 77.81
815 659 42.55
816 2330 76.11
817 1039 78.08
818 3285 99.97
819 1938 60.71
820 599 46.4
821 6303 158.27
822 1261 74.95
823 13864 310.56
824 1004 66.42
825 5967 213.21
826 5488 155.84
827 864 26.07
828 1048 79.47
829 995 73.32
830 276 1.78
831 1323 106.03
832 285 29.95
833 1505 54.17
834 558 45.67
835 625 47.48
836 3492 86.76
837 104 0.19
838 188 0.16
839 1828 56.64
840 314 1.08
841 3924 46.49
842 1158 35.16
843 2321 99.78
844 1414 49.19
845 2589 47.85
846 1163 59.21
847 1435 83.73
848 381 33.63
849 491 29.4
850 8222 139.68
851 900 47.55
852 398 32.32
853 1871 72.85
854 873 35.12
855 457 24.34
856 1050 72.55
857 212 25.18
858 53 0.04
859 14559 28.87
860 1270 69.17
861 153 12.12
862 2127 46.02
863 1522 81.22
864 1010 53.68
865 5526 60.88
866 1608 59.85
867 3136 88.91
868 914 41.02
869 1130 50.72
870 80 0.26
871 333 33.12
872 567 34.09
873 515 32.42
874 1351 48.58
875 1184 45.88
876 3123 66.21
877 1268 49.91
878 3844 163.89
879 807 53.75
880 1703 96.43
881 1737 89.87
882 1746 101.49
883 2451 145.68
884 1359 78.54
885 282 28.2
886 6976 71.23
887 8249 71.88
888 4870 111.72
889 3216 104.43
890 1857 82.82
891 212 0.46
892 462 25.05
893 1079 55.97
894 522 64.68
895 1310 73.02
896 1051 75.85
897 7661 187.4
898 348 39.69
899 728 41.93
900 403 56.3
901 1096 87.44
902 8031 111.51
903 3593 125.37
904 875 60.46
905 690 64.49
906 79 0.3
907 1140 1.67
908 874 2.46
909 130 0.41
910 1431 84.57
911 912 68.14
912 383 74.01
913 4541 141.41
914 566 53.88
915 879 78.75
916 242 37.32
917 969 77.97
918 292 39.04
919 453 20.29
920 223 54.67
921 1293 82.36
922 379 63.14
923 468 43.97
924 279 37.06
925 12756 137.59
926 1176 63.62
927 238 25.02
928 49 0.35
929 423 35.93
930 726 44.1
931 79 0.49
932 1700 55.71
933 164 0.24
934 428 63.07
