0 0
1 1
2 2
3 3
4 3
5 4
6 3
7 2
8 5
9 6
10 6
11 7
12 8
13 8
14 8
15 7
16 9
17 10
18 10
19 11
20 11
21 12
22 12
23 12
24 12
25 12
26 13
27 14
28 14
29 14
30 14
31 15
32 16
33 17
34 11
35 11
36 11
37 11
38 18
39 16
40 19
41 20
42 20
43 20
44 8
45 8
46 21
47 16
48 22
49 23
50 23
51 23
52 9
53 24
54 24
55 25
56 25
57 8
58 8
59 26
60 27
61 28
62 29
63 30
64 31
65 32
66 32
67 33
68 34
69 35
70 36
71 37
72 38
73 39
74 40
75 41
76 42
77 43
78 44
79 35
80 45
81 46
82 47
83 48
84 49
85 43
86 50
87 51
88 52
89 52
90 53
91 54
92 55
93 56
94 50
95 57
96 58
97 59
98 60
99 60
100 61
101 62
102 63
103 64
104 63
105 65
106 66
107 67
108 68
109 52
110 69
111 70
112 71
113 71
114 71
115 71
116 71
117 71
118 71
119 71
120 71
121 71
122 71
123 71
124 71
125 71
126 71
127 71
128 71
129 71
130 71
131 71
132 71
133 71
134 71
135 71
136 71
137 71
138 71
139 71
140 71
141 71
142 71
143 71
144 71
145 71
146 71
147 71
148 71
149 71
150 71
151 71
152 71
153 71
154 71
155 71
156 71
157 71
158 71
159 71
160 72
161 72
162 73
163 74
164 75
165 76
166 77
167 78
168 79
169 80
170 81
171 82
172 83
173 84
174 85
175 86
176 87
177 88
178 89
179 90
180 91
181 92
182 93
183 94
184 95
185 96
186 97
187 98
188 99
189 100
190 101
191 102
192 103
193 104
194 105
195 106
196 107
197 108
198 109
199 110
200 111
201 112
202 113
203 114
204 114
205 115
206 116
207 117
208 118
209 119
210 120
211 121
212 122
213 123
214 124
215 125
216 126
217 127
218 128
219 129
220 130
221 131
222 132
223 133
224 134
225 135
226 136
227 137
228 138
229 139
230 140
231 141
232 142
233 142
234 143
235 144
236 145
237 146
238 147
239 148
240 149
241 150
242 151
243 152
244 153
245 154
246 155
247 156
248 157
249 158
250 159
251 160
252 161
253 162
254 163
255 164
256 164
257 164
258 164
259 164
260 165
261 166
262 167
263 168
264 169
265 170
266 171
267 172
268 173
269 174
270 174
271 175
272 176
273 177
274 178
275 178
276 179
277 180
278 181
279 182
280 183
281 184
282 185
283 186
284 186
285 187
286 188
287 189
288 190
289 191
290 192
291 193
292 194
293 195
294 195
295 195
296 195
297 195
298 195
299 195
300 195
301 195
302 196
303 197
304 197
305 198
306 199
307 200
308 201
309 202
310 203
311 204
312 205
313 206
314 207
315 208
316 209
317 210
318 211
319 212
320 213
321 214
322 215
323 216
324 217
325 218
326 219
327 220
328 221
329 222
330 223
331 224
332 224
333 225
334 226
335 227
336 228
337 229
338 230
339 231
340 232
341 233
342 234
343 235
344 236
345 237
346 238
347 239
348 240
349 241
350 242
351 243
352 244
353 245
354 246
355 247
356 248
357 249
358 249
359 250
360 251
361 252
362 253
363 254
364 255
365 256
366 257
367 258
368 259
369 260
370 261
371 262
372 263
373 264
374 265
375 266
376 267
377 268
378 269
379 270
380 271
381 272
382 273
383 274
384 275
385 276
386 276
387 276
388 276
389 277
390 278
391 279
392 280
393 281
394 282
395 283
396 284
397 285
398 286
399 287
400 288
401 289
402 289
403 289
404 290
405 291
406 289
407 289
408 289
409 289
410 289
411 289
412 289
413 289
414 289
415 292
416 293
417 293
418 294
419 295
420 296
421 296
422 297
423 298
424 299
425 300
426 300
427 301
428 302
429 303
430 304
431 304
432 305
433 306
434 307
435 308
436 308
437 309
438 310
439 311
440 312
441 313
442 314
443 315
444 316
445 317
446 318
447 319
448 320
449 321
450 322
451 323
452 324
453 325
454 326
455 326
456 326
457 326
458 327
459 328
460 329
461 329
462 329
463 329
464 329
465 329
466 329
467 329
468 329
469 329
470 329
471 329
472 329
473 329
474 330
475 329
476 329
477 329
478 329
479 329
480 331
481 329
482 329
483 329
484 329
485 329
486 329
487 329
488 329
489 329
490 329
491 329
492 329
493 329
494 332
495 332
496 333
497 333
498 333
499 333
500 333
501 333
502 334
503 335
504 336
505 337
506 338
507 339
508 340
509 341
510 342
511 343
512 344
513 345
514 346
515 344
516 347
517 348
518 349
519 350
520 351
521 352
522 353
523 354
524 355
525 356
526 357
527 358
528 359
529 360
530 361
531 362
532 363
533 364
534 365
535 366
536 366
537 366
538 366
539 366
540 366
541 366
542 367
543 368
544 369
545 370
546 371
547 372
548 373
549 374
550 375
551 376
552 377
553 378
554 379
555 380
556 381
557 382
558 383
559 384
560 385
561 386
562 387
563 388
564 388
565 389
566 390
567 391
568 392
569 393
570 394
571 395
572 396
573 397
574 398
575 399
576 400
577 401
578 402
579 403
580 404
581 405
582 406
583 407
584 408
585 409
586 410
587 411
588 412
589 413
590 414
591 415
592 416
593 417
594 418
595 419
596 420
597 421
598 422
599 423
600 424
601 425
602 426
603 427
604 428
605 429
606 430
607 431
608 432
609 433
610 434
611 434
612 434
613 435
614 436
615 437
616 438
617 439
618 440
619 441
620 442
621 443
622 444
623 445
624 446
625 447
626 448
627 449
628 450
629 451
630 452
631 452
632 452
633 453
634 454
635 452
636 455
637 456
638 457
639 458
640 459
641 460
642 461
643 462
644 463
645 464
646 465
647 466
648 467
649 468
650 469
651 470
652 471
653 445
654 445
655 445
656 445
657 472
658 473
659 474
660 475
661 476
662 477
663 478
664 479
665 480
666 481
667 482
668 483
669 484
670 485
671 486
672 487
673 488
674 489
675 490
676 491
677 492
678 493
679 494
680 495
681 496
682 497
683 498
684 499
685 500
686 501
687 502
688 503
689 504
690 505
691 506
692 507
693 508
694 509
695 510
696 511
697 512
698 513
699 514
700 515
701 516
702 517
703 518
704 519
705 520
706 521
707 522
708 523
709 524
710 525
711 526
712 527
713 528
714 528
715 528
716 528
717 528
718 528
719 528
720 528
721 529
722 528
723 530
724 531
725 532
726 533
727 534
728 535
729 536
730 537
731 538
732 539
733 540
734 541
735 542
736 543
737 544
738 545
739 546
740 547
741 548
742 549
743 550
744 551
745 552
746 553
747 554
748 555
749 556
750 557
751 558
752 559
753 560
754 561
755 562
756 563
757 564
758 565
759 566
760 567
761 568
762 569
763 570
764 571
765 572
766 573
767 574
768 575
769 576
770 577
771 577
772 577
773 577
774 578
775 579
776 580
777 581
778 582
779 583
780 584
781 585
782 586
783 587
784 588
785 589
786 590
787 591
788 592
789 593
790 594
791 595
792 596
793 597
794 598
795 598
796 598
797 598
798 598
799 598
800 598
801 598
802 598
803 598
804 598
805 598
806 598
807 598
808 598
809 598
810 598
811 598
812 598
813 598
814 598
815 598
816 598
817 598
818 598
819 598
820 598
821 598
822 598
823 598
824 598
825 598
826 598
827 598
828 598
829 598
830 598
831 598
832 598
833 598
834 598
835 598
836 598
837 598
838 598
839 598
840 598
841 598
842 598
843 598
844 598
845 598
846 598
847 598
848 598
849 598
850 598
851 598
852 598
853 598
854 598
855 598
856 598
857 598
858 598
859 598
860 598
861 598
862 598
863 598
864 598
865 598
866 598
867 598
868 598
869 598
870 598
871 598
872 598
873 598
874 598
875 598
876 598
877 598
878 598
879 598
880 598
881 598
882 598
883 598
884 598
885 598
886 598
887 598
888 598
889 598
890 599
891 599
892 599
893 599
894 599
895 600
896 601
897 602
898 603
899 604
900 604
901 605
902 606
903 607
904 608
905 609
906 610
907 602
908 602
909 610
910 609
911 611
912 612
913 613
914 613
915 600
916 614
917 615
918 616
919 617
920 618
921 619
922 620
923 621
924 622
925 623
926 624
927 625
928 626
929 627
930 628
931 629
932 630
933 629
934 601
935 627
936 627
937 627
938 627
939 599
940 599
941 627
942 627
943 627
944 609
945 631
946 632
947 632
948 633
949 634
950 635
951 636
952 637
953 638
954 639
955 640
956 641
957 642
958 643
959 644
960 645
961 646
962 644
963 647
964 648
965 649
966 650
967 651
968 652
969 653
970 654
971 655
972 656
973 657
974 658
975 659
976 660
977 660
978 661
979 662
980 663
981 664
982 665
983 666
984 667
985 668
986 669
987 670
988 671
989 672
990 673
991 674
992 675
993 632
994 676
995 677
996 678
997 679
998 680
999 681
1000 682
1001 683
1002 683
1003 684
1004 685
1005 686
1006 687
1007 688
1008 689
1009 690
1010 691
1011 668
1012 660
1013 660
1014 683
1015 692
1016 692
1017 692
1018 692
1019 692
1020 693
1021 694
1022 695
1023 696
1024 693
1025 697
1026 698
1027 699
1028 699
1029 699
1030 700
1031 701
1032 702
1033 703
1034 704
1035 705
1036 706
1037 707
1038 708
1039 709
1040 710
1041 711
1042 712
1043 713
1044 713
1045 713
1046 714
1047 715
1048 716
1049 717
1050 718
1051 719
1052 720
1053 721
1054 722
1055 723
1056 724
1057 725
1058 726
1059 727
1060 728
1061 729
1062 728
1063 730
1064 731
1065 732
1066 733
1067 733
1068 734
1069 735
1070 736
1071 737
1072 738
1073 739
1074 740
1075 741
1076 742
1077 743
1078 744
1079 745
1080 746
1081 747
1082 748
1083 749
1084 750
1085 750
1086 751
1087 751
1088 752
1089 753
1090 754
1091 755
1092 756
1093 757
1094 758
1095 759
1096 760
1097 761
1098 762
1099 763
1100 764
1101 764
1102 764
1103 764
1104 764
1105 764
1106 764
1107 764
1108 765
1109 765
1110 765
1111 765
1112 765
1113 766
1114 767
1115 768
1116 769
1117 770
1118 771
1119 772
1120 772
1121 773
1122 774
1123 775
1124 776
1125 777
1126 778
1127 779
1128 780
1129 781
1130 782
1131 783
1132 784
1133 785
1134 786
1135 787
1136 788
1137 789
1138 790
1139 790
1140 790
1141 791
1142 792
1143 793
1144 794
1145 795
1146 796
1147 797
1148 798
1149 799
1150 800
1151 801
1152 802
1153 803
1154 804
1155 805
1156 806
1157 807
1158 808
1159 809
1160 810
1161 811
1162 812
1163 813
1164 814
1165 815
1166 816
1167 817
1168 818
1169 819
1170 820
1171 821
1172 822
1173 823
1174 824
1175 825
1176 826
1177 827
1178 828
1179 829
1180 830
1181 831
1182 832
1183 833
1184 834
1185 826
1186 835
1187 836
1188 837
1189 838
1190 839
1191 840
1192 841
1193 842
1194 843
1195 844
1196 845
1197 846
1198 847
1199 847
1200 847
1201 847
1202 847
1203 847
1204 848
1205 849
1206 850
1207 851
1208 852
1209 853
1210 854
1211 855
1212 856
1213 857
1214 858
1215 859
1216 860
1217 861
1218 862
1219 863
1220 864
1221 865
1222 866
1223 867
1224 868
1225 869
1226 870
1227 870
1228 871
1229 872
1230 873
1231 874
1232 875
1233 876
1234 877
1235 878
1236 879
1237 880
1238 881
1239 882
1240 883
1241 884
1242 885
1243 886
1244 886
1245 887
1246 888
1247 889
1248 890
1249 891
1250 892
1251 893
1252 894
1253 895
1254 896
1255 897
1256 898
1257 899
1258 900
1259 901
1260 902
1261 903
1262 904
1263 905
1264 906
1265 907
1266 908
1267 908
1268 908
1269 908
1270 908
1271 908
1272 908
1273 908
1274 908
1275 908
1276 908
1277 908
1278 908
1279 908
1280 908
1281 908
1282 908
1283 908
1284 908
1285 908
1286 908
1287 908
1288 908
1289 908
1290 908
1291 908
1292 908
1293 908
1294 908
1295 908
1296 908
1297 908
1298 908
1299 908
1300 909
1301 908
1302 908
1303 908
1304 908
1305 908
1306 908
1307 908
1308 908
1309 908
1310 908
1311 908
1312 908
1313 908
1314 908
1315 908
1316 908
1317 908
1318 908
1319 908
1320 908
1321 908
1322 908
1323 908
1324 908
1325 908
1326 908
1327 910
1328 911
1329 912
1330 912
1331 913
1332 914
1333 915
1334 916
1335 917
1336 918
1337 919
1338 920
1339 921
1340 922
1341 923
1342 924
1343 925
1344 926
1345 927
1346 928
1347 929
1348 930
1349 931
1350 932
1351 933
1352 934
1353 935
1354 936
1355 937
1356 938
1357 939
1358 940
1359 941
1360 942
1361 943
1362 944
1363 945
1364 946
1365 947
1366 948
1367 949
1368 950
1369 951
1370 952
1371 952
1372 952
1373 952
1374 952
1375 952
1376 952
1377 952
1378 952
1379 952
1380 952
1381 952
1382 952
1383 952
1384 952
1385 952
1386 952
1387 952
1388 953
1389 953
1390 953
1391 954
1392 955
1393 955
1394 955
1395 956
1396 957
1397 958
1398 959
1399 960
1400 960
1401 960
1402 961
1403 962
1404 963
1405 964
1406 965
1407 965
1408 966
1409 967
1410 968
1411 969
1412 970
1413 971
1414 972
1415 973
1416 974
1417 975
1418 976
1419 977
1420 978
1421 979
1422 979
1423 979
1424 980
1425 981
1426 982
1427 983
1428 984
1429 985
1430 986
1431 987
1432 988
1433 989
1434 990
1435 991
1436 992
1437 993
1438 994
1439 995
1440 996
1441 997
1442 998
1443 999
1444 1000
1445 1001
1446 1002
1447 1003
1448 1004
1449 1005
1450 1006
1451 1007
1452 1008
1453 1009
1454 1010
1455 1011
1456 1012
1457 1013
1458 1014
1459 1015
1460 1016
1461 1017
1462 1018
1463 1019
1464 1020
1465 1021
1466 1022
1467 1023
1468 1023
1469 1024
1470 1025
1471 1026
1472 1023
1473 1027
1474 1028
1475 1029
1476 1030
1477 1031
1478 1032
1479 1033
1480 1034
1481 1035
1482 1036
1483 1033
1484 1037
1485 1038
1486 1039
1487 1040
1488 1041
1489 1042
1490 1043
1491 1044
1492 1045
1493 1046
1494 1047
1495 1048
1496 1049
1497 1050
1498 1050
1499 1051
1500 1052
1501 1053
1502 1054
1503 1055
1504 1056
1505 1057
1506 1058
1507 1050
1508 1059
1509 1059
1510 1059
1511 1059
1512 1059
1513 1059
1514 1059
1515 1059
1516 1059
1517 1059
1518 1059
1519 1059
1520 1059
1521 1059
1522 1059
1523 1059
1524 1059
1525 1059
1526 1059
1527 1059
1528 1059
1529 1059
1530 1059
1531 1059
1532 1059
1533 1059
1534 1059
1535 1059
1536 1059
1537 1059
1538 1059
1539 1059
1540 1059
1541 1059
1542 1059
1543 1059
1544 1059
1545 1059
1546 1059
1547 1059
1548 1059
1549 1059
1550 1059
1551 1059
1552 1060
1553 1060
1554 1061
1555 1062
1556 1063
1557 1064
1558 1065
1559 1066
1560 1067
1561 1068
1562 1069
1563 1070
1564 1071
1565 1072
1566 1073
1567 1074
1568 1075
1569 1076
1570 1077
1571 1078
1572 1079
1573 1080
1574 1081
1575 1082
1576 1083
1577 1084
1578 1085
1579 1086
1580 1087
1581 1088
1582 1089
1583 1090
1584 1091
1585 1092
1586 1093
1587 1094
1588 1095
1589 1096
1590 1097
1591 1098
1592 1099
1593 1100
1594 1101
1595 1102
1596 1103
1597 1104
1598 1105
1599 1106
1600 1107
1601 1108
1602 1109
1603 1110
1604 1111
1605 1112
1606 1113
1607 1114
1608 1115
1609 1116
1610 1117
1611 1118
1612 1119
1613 1120
1614 1121
1615 1122
1616 1123
1617 1124
1618 1125
1619 1126
1620 1126
1621 1127
1622 1128
1623 1129
1624 1130
1625 1131
1626 1132
1627 1133
1628 1134
1629 1135
1630 1136
1631 1137
1632 1138
1633 1139
1634 1140
1635 1141
1636 1142
1637 1143
1638 1144
1639 1145
1640 1146
1641 1147
1642 1148
1643 1149
1644 1150
1645 1151
1646 1152
1647 1153
1648 1154
1649 1155
1650 1156
1651 1157
1652 1158
1653 1159
1654 1160
1655 1161
1656 1162
1657 1163
1658 1164
1659 1165
1660 1166
1661 1167
1662 1168
1663 1169
1664 1170
1665 1171
1666 1172
1667 1173
1668 1174
1669 1175
1670 1176
1671 1177
1672 1178
1673 1179
1674 1180
1675 1181
1676 1182
1677 1183
1678 1184
1679 1184
1680 1184
1681 1184
1682 1184
1683 1184
1684 1184
1685 1184
1686 1184
1687 1184
1688 1184
1689 1184
1690 1184
1691 1184
1692 1184
1693 1185
1694 1186
1695 1187
1696 1188
1697 1189
1698 1190
1699 1191
1700 1192
1701 1193
1702 1194
1703 1195
1704 1196
1705 1197
1706 1198
1707 1199
1708 1200
1709 1201
1710 1202
1711 1203
1712 1204
1713 1205
1714 1206
1715 1207
1716 1208
1717 1209
1718 1210
1719 1211
1720 1212
1721 1213
1722 1214
1723 1215
1724 1216
1725 1217
1726 1218
1727 1219
1728 1220
1729 1221
1730 1222
1731 1223
1732 1224
1733 1225
1734 1226
1735 1227
1736 1228
1737 1229
1738 1230
1739 1231
1740 1232
1741 1233
1742 1234
1743 1235
1744 1236
1745 1237
1746 1238
1747 1239
1748 1240
1749 1241
1750 1242
1751 1243
1752 1244
1753 1245
1754 1246
1755 1247
1756 1248
1757 1249
1758 1250
1759 1251
1760 1252
1761 1253
1762 1254
1763 1255
1764 1256
1765 1257
1766 1258
1767 1259
1768 1260
1769 1261
1770 1261
1771 1261
1772 1261
1773 1261
1774 1261
1775 1261
1776 1261
1777 1261
1778 1261
1779 1261
1780 1261
1781 1261
1782 1261
1783 1262
1784 1263
1785 1264
1786 1265
1787 1266
1788 1267
1789 1268
1790 1269
1791 1270
1792 1271
1793 1272
1794 1273
1795 1274
1796 1275
1797 1276
1798 1277
1799 1278
1800 1279
1801 1280
1802 1281
1803 1282
1804 1283
1805 1284
1806 1285
1807 1286
1808 1287
1809 1288
1810 1289
1811 1290
1812 1291
1813 1292
1814 1293
1815 1294
1816 1295
1817 1296
1818 1297
1819 1297
1820 1298
1821 1299
1822 1300
1823 1301
1824 1302
1825 1303
1826 1304
1827 1305
1828 1306
1829 1307
1830 1308
1831 1308
1832 1308
1833 1308
1834 1308
1835 1309
1836 1308
1837 1310
1838 1310
1839 1310
1840 1310
1841 1310
1842 1311
1843 1312
1844 1313
1845 1314
1846 1315
1847 1316
1848 1317
1849 1318
1850 1319
1851 1320
1852 1321
1853 1322
1854 1323
1855 1324
1856 1325
1857 1326
1858 1327
1859 1328
1860 1329
1861 1330
1862 1331
1863 1332
1864 1333
1865 1334
1866 1335
1867 1336
1868 1336
1869 1336
1870 1336
1871 1336
1872 1336
1873 1337
1874 1338
1875 1339
1876 1340
1877 1341
1878 1342
1879 1343
1880 1344
1881 1345
1882 1346
1883 1347
1884 1348
1885 1349
1886 1349
1887 1350
1888 1351
1889 1352
1890 1353
1891 1354
1892 1355
1893 1356
1894 1357
1895 1358
1896 1359
1897 1360
1898 1361
1899 1362
1900 1363
1901 1364
1902 1365
1903 1366
1904 1367
1905 1368
1906 1368
1907 1368
1908 1368
1909 1368
1910 1368
1911 1368
1912 1368
1913 1368
1914 1368
1915 1368
1916 1369
1917 1368
1918 1368
1919 1368
1920 1368
1921 1368
1922 1368
1923 1368
1924 1368
1925 1368
1926 1368
1927 1368
1928 1368
1929 1370
1930 1371
