0 7462 706.7303207582429
1 2526 159.07400729269787
2 7093 282.8797797518753
3 11586 531.466475906452
4 5721 404.9541824132004
5 12985 231.92760738659794
6 55878 176.3401309195255
7 1611 111.88305660103444
8 3491 72.09439001261782
9 1169 429.06032769263794
10 2427 386.1800104865351
11 730 182.95760134795992
12 1365 259.7762808167451
13 4193 329.37954114073113
14 10741 1918.508051002553
15 3323 105.86777274643744
16 655 28.350247182612428
17 7194 67.77260280742614
18 9567 356.82977913411185
19 779 223.90184664948254
20 3833 576.0938730218055
21 7076 273.3234594137116
22 6363 743.208962744229
23 114 181.59938192763826
24 910 96.28742835874144
25 456 50.399908030461916
26 211 198.92592398111498
27 15511 271.31191688919023
28 2476 260.2405999564477
29 3202 543.7975164363696
30 36489 24.059095640597562
31 2807 127.4828632410652
32 3084 89.05799100227492
33 39454 62.47910916961777
34 63293 169.90104973459336
35 5718 359.5986020012448
36 12012 450.00760852946036
37 6261 564.3551224947761
38 8989 205.512887704499
39 11313 144.00620659246297
40 6139 704.0248719299085
41 191 93.86463528016345
42 3582 711.189828678743
43 16177 300.87838785353443
44 10 40.81599026713637
45 5371 270.85506535165416
46 4219 93.00018185412442
47 3992 241.49020767663788
48 6350 114.96666316600695
49 3821 458.85015683470345
50 3373 315.6792958114092
51 13685 354.2970175923595
52 923 46.5312518822481
53 18361 143.98093079967938
54 8771 75.0399221926897
55 7548 101.02398003388433
56 5945 576.0048092886917
57 4180 1839.959236490671
58 25085 249.0011486539706
59 24288 58.40965788258478
60 11451 467.2677294257734
61 920 189.75917069886037
62 10091 247.02778661522757
63 230 313.9245081444393
64 4203 36.75637107198952
65 6125 391.75698111342604
66 2773 104.11753374919111
67 3380 145.02952870824112
68 9778 145.04996586856774
69 10634 250.04143069388738
70 17081 186.6303121867746
71 9574 214.48921848286557
72 19473 1220.782663857902
73 11977 177.04445541832627
74 26236 78.42015136749669
75 30309 205.28713299057756
76 2498 81.5177047152342
77 42713 173.91481659374483
78 4670 187.47753811986775
79 7683 145.52133060075954
80 13258 747.5603879245773
81 18419 47.81031224855096
82 2049 302.5408449768879
83 34079 54.298632271655315
84 26601 264.62906893777114
85 3156 99.67565988722728
86 11302 131.5665566790271
87 8489 309.3754353302023
88 1256 555.7576544756192
89 13701 460.36226538501336
90 24819 164.09454947281608
91 11896 441.3353729824231
92 7092 109.92803673221653
93 934 91.54221757012002
94 7841 137.4302263176509
95 6659 89.25055019559936
96 6115 237.9483325791471
97 10748 7.95166579922378
98 27648 45.31929916277604
99 33678 317.90872505973
100 50637 41.406835475685604
101 28293 295.2443717885952
102 14281 38.35678852566112
103 932 53.312213415660615
104 475 25.037933766488493
105 2739 35.6412118511746
106 2082 190.51595683068803
107 2317 236.28398201072747
108 37052 5.637052758545599
109 20725 58.25017104326352
110 1791 134.22947171956008
111 7982 274.27657464050026
112 23592 90.62900677532096
113 22406 111.02246110792791
114 26122 8.485238927747927
115 19139 185.59600430581145
116 16230 115.07989998409259
117 38666 17.044590940189686
118 21594 8.041548841152933
119 1541 127.42012704305967
120 1777 79.60059737728514
121 7334 43.99336560632713
122 2787 375.0732802623024
123 1133 24.010558350077297
124 53152 95.59244096883846
125 361 6.984320390673624
126 93818 93.19389124582817
127 42460 44.125504442491625
128 22141 79.40864629488631
129 13495 120.23911307697179
130 72723 50.0156977561286
131 34934 27.38868674295016
132 11506 370.04471565119223
133 2006 359.49189803196
134 5609 56.9579828169088
135 48 89.24331695745309
136 48703 17.680929795813725
137 8901 347.4059246606548
138 3820 951.5234383325328
139 40 38.45826621590525
140 3324 245.18099157216173
141 2012 23.47062032719843
142 126 58.290985904181795
143 3368 197.64214814894896
144 125 75.1559555488288
145 3550 409.54477163600757
146 890 235.44811906464432
147 1622 256.78322138944276
148 12791 178.35569547040373
149 22352 45.99599920926275
150 35389 14.54771373458101
151 26340 27.90222309910316
152 19395 63.565932351810126
153 22885 62.471968595993495
154 3259 316.7536571598015
155 1437 55.59090196556895
156 2245 219.38384270506273
157 5783 124.26157070998012
158 4334 82.2488250910815
159 2229 242.48638874002506
160 782 47.89860763833655
161 1406 857.3410394179432
162 6620 360.93212439594316
163 9066 173.27659317340468
164 506 4.6249704631836135
165 7647 200.65740613470024
166 594 40.25300310271708
167 1119 184.95755733231198
168 16974 503.6830193807848
169 1585 81.35726574794941
170 26388 305.3379463534194
171 2615 88.4185363020987
172 4090 76.14957289377402
173 23047 518.3577186458007
174 8984 193.5028513645623
175 34172 105.40409608075404
176 26344 15.514659913482225
177 6790 118.1796054653535
178 1377 69.93764218212594
179 4606 41.00083784171973
180 20097 231.89638330370641
181 26796 90.60969819165186
182 46627 158.55023073465978
183 28521 24.652745495345926
184 45081 14.06132345014726
185 50539 58.46062452799009
186 27823 79.18154022335239
187 6851 47.48686441790464
188 28531 167.01796340369145
189 11499 158.3788673924358
190 4809 43.72573347830183
191 9067 187.19499433974212
192 8097 142.8792500196912
193 2614 130.17399153972914
194 3699 143.466402933141
195 40455 651.0709416414285
196 1021 84.47470799092505
197 658 38.5974209146915
198 8572 67.21742610390473
199 41891 11.318408038956164
200 21659 186.65542543054252
201 25160 193.6246739367132
202 1599 67.01224098335591
203 30430 48.53702912909249
204 44490 76.77173060261283
205 29943 30.645045073567907
206 19206 4.730018440239878
207 654 46.51497227014179
208 3749 349.6393913794195
209 7126 4.547577054411063
210 39197 10.186325959811397
211 12602 167.5196024074243
212 31917 11.82338914311572
213 746 123.13608055326897
214 790 138.40281885475918
215 30757 9.286582408876026
216 5205 244.55191877336884
217 2294 36.63728364764624
218 7941 50.51213480525779
219 14618 137.7093538657322
220 4673 36.615519840246364
221 12339 65.983471738093
222 34603 20.961116036058854
223 7898 51.236537003260246
224 36929 7.374381657366753
225 1338 180.23644086381867
226 8255 41.524730230410334
227 1657 18.350499693434873
228 31395 7.8637534227957815
229 46077 13.812645077892252
230 7372 34.56759143285606
231 200 221.48515166865639
232 251 94.3880778598202
233 33640 910.9804153532758
234 149 15.94685535222557
235 275 321.6874464283232
236 592 164.19456460802135
237 39089 10.42111276191241
238 7906 3.8640437716313745
239 1326 324.7271450678536
240 3960 316.77655610759587
241 36865 7.4370838783809035
242 23341 13.408442819040088
243 3950 38.92844870323724
244 24844 22.164193810936577
245 10392 9.47510529006312
246 40267 14.297639989065587
247 1087 87.12272914005779
248 24334 74.5343349081154
249 235 0.4658847840221654
250 6648 7.141810695648011
251 5395 49.77528621754232
252 11518 135.22971728054338
253 16269 83.63995470249283
254 761 150.0465654667126
255 35534 114.86882487486429
256 7040 860.5325611547235
257 1493 597.1417736298392
258 331 59.554548129180525
259 144 10.510859509773791
260 111086 26.629926470701793
261 10494 252.06967715680537
262 53520 364.38270254533995
263 4374 4.151487188357629
264 7142 11.401753598858374
265 19174 59.237293377421054
266 108 13.457211384763173
267 35060 8.764772655317321
268 8699 29.41057024202429
269 40641 17.03682333663322
270 3673 19.504937088511607
271 1646 32.380980915741695
272 6522 134.6619270050672
273 10862 227.1774042968539
274 45341 354.42916801158924
275 33678 13.741866371581644
276 48685 13.226583289188985
277 70837 10.318744333950582
278 45847 14.725182510498119
279 5098 89.7450660003058
280 5452 214.29339132073198
281 28710 499.82227871326046
282 30463 152.87395771717863
283 315 84.30336356770765
284 3855 83.37777897040449
285 1118 78.49821311913415
286 4248 358.91722085198853
287 505 860.7980233885254
288 2105 204.07221732301463
289 2661 316.95039668137457
290 3423 4.686876155410759
291 36003 8.797937673842505
292 29854 43.83247026627151
293 39271 103.64976208383978
294 4176 9.110656497250181
295 23141 335.7634606801267
296 22117 174.41382817217686
297 5309 669.5656199951505
298 3142 86.30837054071293
299 24746 186.4342016256446
300 2982 167.7074314630029
301 1375 103.2879229556276
302 20684 25.979696431025936
303 38227 46.69765226711475
304 2003 2.172762962608321
305 24741 9.132287099399688
306 46746 12.160074100729425
307 27270 66.00025251082245
308 28374 15.097004310444682
309 32718 403.9181030954584
310 31905 26.624427217423403
311 11335 207.86698934512438
312 24614 8.663457127986693
313 48149 951.4583565638142
314 6958 112.26091588069134
315 1593 26.579530484311125
316 12851 199.3870898243544
317 4746 219.16709189386205
318 15991 13.127465841540578
319 11270 78.48883933052971
320 12991 476.31508176871864
321 13045 198.41777876963135
322 14963 241.66370268896998
323 270 62.10714760068387
324 54713 723.5341001579931
325 21989 108.51630355044117
326 1207 521.1528655731223
327 1982 718.2371200175445
328 4282 161.58734248961773
329 5908 410.8366915213507
330 321 52.22985125799811
331 11887 425.36976426145606
332 1023 155.21898325397646
333 3980 311.8743106145666
334 203 101.98444046845005
335 1497 43.3723028832566
336 1425 116.27914415047483
337 418 50.495872953851524
338 37620 250.68066415751733
339 1674 75.0706752309277
340 29036 161.4827956731846
341 2104 7.973200261931716
342 3197 393.84715334588424
343 2863 185.0161147464776
344 937 8.813707631077827
345 26120 369.4918169505032
346 29934 47.10281128715654
347 38004 20.784288575854404
348 55132 13.613195119050745
349 6981 169.5131645397585
350 6640 455.96086236692986
351 9699 96.25076023518255
352 31545 62.98769994301132
353 3693 2509.556760494643
354 5075 72.31736633528804
355 505 126.27424181115897
356 1150 1.1225916876834952
357 22748 13.068094910092247
358 46320 37.04120366580849
359 17446 5.8632402930052185
360 30434 5.73620611369628
361 8111 4.312477895650482
362 16748 3.936479242374868
363 25917 10.747840530535276
364 21685 8.252287655386821
365 14572 5.4541549999459455
366 55706 8.909491086445188
367 30680 8.964049254282259
368 25689 8.174861814031571
369 39285 12.146994889551612
370 30852 8.862331794587465
371 44724 10.373137250056757
372 48058 53.95522141415327
373 3320 7.546168167574522
374 60388 17.22305894853567
375 34647 14.418115064625782
376 4891 14.45748513120524
377 15995 45.287947666166794
378 54911 13.534335294217579
379 26669 22.548672812383685
380 23331 4.647616127951172
381 42226 15.178068778697044
382 22545 19.20570481407636
383 30645 10.788873925284596
384 22194 5.571014614739528
385 42761 16.26451435296225
386 59744 77.12052333833206
387 28209 8.785468504101177
388 11764 3.7968403714611805
389 24709 7.3276887769364185
390 21710 8.15313738905354
391 48394 9.23743391861275
392 33444 9.438695468859315
393 33673 7.25396874425673
394 13866 7.584966802934995
395 32925 6.510026687382335
396 27524 11.432942932554127
397 28421 8.002068349351426
398 13212 2.670088818944335
399 29722 8.104520561485227
400 3115 3.4530024849535983
401 41041 24.76056066669035
402 22639 7.550084788037628
403 38993 11.32778800519539
404 15283 9.766325558265136
405 16658 4.283880079753265
406 34072 5.7579363302069355
407 88996 26.157271385041167
408 30460 10.321511142136567
409 30269 7.219445032177755
410 61361 51.81979067084481
411 5053 5.407300342704291
412 6764 7.422261801985183
413 26938 7.6599015130572035
414 20696 4.675234016528262
415 23704 7.973596788865431
416 13602 74.12596197356899
417 2833 0.11001016220924575
418 4295 155.92777804375928
419 1837 156.2607236018082
420 596 59.44292367377764
421 3796 282.5748663700372
422 5459 647.4135212209477
423 2774 178.96064962463146
424 25002 120.64151996071024
425 50 43.392052395609554
426 13981 419.7555807208373
427 699 109.37575502280319
428 360 115.76533443398193
429 455 25.687183878844227
430 92 25.665720845038663
431 148 14.906626594408932
432 5381 168.81750649037755
433 7569 579.3175034015602
434 1860 79.42246720834228
435 8187 378.01900124633784
436 2616 23.63547514505859
437 41548 19.787543031087402
438 2962 156.2810325762127
439 17144 341.07067175600815
440 326 1.431922464505627
441 121 16.953986273295474
442 7161 194.77441555713773
443 1253 12.814374429534036
444 2209 112.8546954657705
445 718 8.622442266141773
446 357 21.605571917707728
447 743 10.42191739884509
448 911 60.705951147264
449 154 28.839054852763798
450 295 44.953866195519055
451 183 40.61446848402387
452 126 21.683776913252107
453 161 4.713332648645476
454 2045 210.87912916971044
455 3286 164.67010735184874
456 751 241.69404568669816
457 7607 102.13610294719513
458 1211 34.82982546637282
459 5719 104.40500187645657
460 11263 267.4830690335245
461 827 22.718273212076657
462 4179 236.58171118939546
463 12417 203.12211176268
464 7593 188.9152617695526
465 2562 128.47456629142684
466 16638 175.7097256821267
467 13977 323.9484592206605
468 23286 48.99132042310621
469 8611 124.1760996576046
470 13196 75.98610225221121
471 17290 122.96383689808602
472 17097 237.33856566130808
473 22397 332.44423950999
474 3518 94.27030858830234
475 24536 127.55634890972468
476 7156 54.759375333013125
477 2787 117.02752561015727
478 473 3.074071771761105
479 13125 38.533678920520096
480 229 2.246037819480245
481 4652 84.636351983098
482 8246 335.31138677090394
483 11444 187.44375109073866
484 16799 214.6002259469928
485 6005 107.78811137348899
486 17253 161.0167850198534
487 3914 56.35454141100268
488 4116 85.89329255579563
489 2189 58.703310208387066
490 2588 90.4463638441568
491 2074 68.12575463670102
492 3460 170.53542294404454
493 3937 46.82113585082247
494 13711 51.65786714069718
495 312 1.256658718109891
496 606 63.06315627717194
497 3578 138.93364834122784
498 10022 87.32999998455591
499 3126 104.73824627758893
500 3280 107.1550231120762
501 1993 22.786733760928623
502 2168 27.690669609280043
503 34373 15.717931511651791
504 5456 46.27856383890582
505 15849 9.290463894041208
506 6869 10.954484731203388
507 233 1.2637097160295723
508 223 3.3247435895455886
509 2776 120.76301666262546
510 8684 67.0791107912469
511 12466 43.5471519559164
512 5062 20.72398289104042
513 37166 54.24836408508457
514 9072 49.38694426383443
515 4002 68.54763226702208
516 27069 13.667502320474071
517 14619 177.80445932568028
518 14580 31.305404503804652
519 3254 56.277941828301906
520 6986 148.0114320992993
521 2285 33.781299758917804
522 6602 93.78715461229936
523 4446 93.04984965181306
524 5069 147.44852176921282
525 141 2.2466277836036306
526 963 74.59831203851138
527 9017 114.53241829691875
528 5842 87.51226762440598
529 122 0.8606074622739565
530 7219 121.84402244334723
531 3350 64.66211619513295
532 1424 48.191687374613316
533 2052 58.83555908367143
534 66 16.654564422692307
535 3548 63.65369607890075
536 3722 46.90060378658125
537 14644 214.1005425507763
538 3255 74.94356305897942
539 27035 139.2086588818172
540 17110 157.28573568680628
541 16875 38.77272751842866
542 8219 24.112461524918263
543 22776 132.14571959406763
544 40475 237.37189631766634
545 21454 10.576031240299184
546 13043 12.407050920699247
547 16147 5.9711666617760395
548 37111 19.698368872751534
549 356 47.087582645170556
550 20003 64.07767294674724
551 1353 21.65542504444036
552 4910 116.51108229072877
553 1014 104.92571123881655
554 877 63.7290485515763
555 12788 99.65729377896731
556 17080 14.778764612036813
557 1390 22.445241059031932
558 1218 38.03351714370877
559 6446 134.6684807033855
560 510 51.861649552044256
561 617 30.919508507375323
562 1191 41.41288531066553
563 11518 7.077121206739182
564 15006 13.309773636016846
565 28258 11.288796704849597
566 1988 52.542943442209
567 1018 36.638374772392766
568 14674 6.905055930761069
569 2893 1.2385914529333726
570 3502 284.1900916143241
571 4831 532.9209807149686
572 9711 378.7682352196226
573 976 147.81133503321252
574 712 65.76450856142962
575 17989 179.465522620182
576 19677 8.929214343850242
577 13206 8.34493171396933
578 1893 195.1711575497647
579 5411 262.1705366974673
580 16540 11.614860763833654
581 802 30.394843528232563
582 233 67.53544109084676
583 64 7.6035881247326245
584 193 68.40968606804356
585 162 29.078159821589907
586 7535 1.5654740485284102
587 13862 5.699339147517286
588 731 53.0123336478779
589 13258 461.58173281111726
590 208 61.84098420533223
591 974 270.5825718111435
592 8992 515.0464006010839
593 4162 282.23848797755045
594 421 93.75079575658266
595 1853 101.08470850057992
596 1087 114.44648430803541
597 299 107.04048706017171
598 591 43.40628875500582
599 1329 198.9469287116388
600 2035 191.75909540893625
601 2507 89.63810604527897
602 804 56.5451202862716
603 146 22.473960497114273
604 3384 118.73933006639413
605 28849 382.64552847349097
606 1259 180.5218421861414
607 5128 64.07894785612906
608 14542 44.513655275622895
609 316 162.078025458033
610 837 484.4618017535216
611 19277 384.1232496057897
612 1206 384.8618530278905
613 20840 489.8148887176311
614 19726 170.26190430225932
615 2319 178.25503168354447
616 2166 115.86434995065615
617 3153 853.4489206127596
618 75 99.66663938211296
619 513 193.01489003037852
620 2646 535.8860929085386
621 2686 371.9512561448161
622 1707 535.888809909544
623 517 212.0764802771287
624 17726 165.45816930425931
625 11539 101.7400501469505
626 1106 287.5154521951453
627 1067 405.7856376168538
628 249 412.2945388163961
629 7819 90.10398426556416
630 18811 5.591507759881513
631 1150 119.08078222756244
632 3912 644.6198669646346
633 405 58.198883160848624
634 637 294.16390346210096
635 9919 763.533155752073
636 1735 198.58271698556132
637 236 119.55881069719241
638 3771 943.3418313135041
639 489 160.18340084973366
640 63 40.93785376611783
641 2366 534.9338911994959
642 218 89.38670642489463
643 1839 541.4081740919263
644 1688 525.4112876198654
645 377 22.740117328728935
646 605 171.83120809826147
647 6 17.135738080639754
648 548 368.1716343859508
649 766 195.71856858024051
650 109 11.769924802740398
651 69 30.69689010142132
652 29 35.31226631165859
653 162 367.4906814240066
654 802 174.36736540864283
655 162 39.59879196351489
656 158 63.89927945612103
657 527 226.4370529902069
658 571 200.59839775319423
659 5223 301.489841651776
660 1487 144.59342282666947
661 137 19.340915479145078
662 180 77.41945754188822
663 686 95.25489191455713
664 45 60.88662457123353
665 60 7.269957621425273
666 53 1.1648007635556612
667 976 66.64982077137037
668 33844 16.765526326762902
669 1808 10.94097887712221
670 27967 9.369123331845554
671 2817 1.5951602864569256
672 7869 3.8318710356959182
673 69 12.918367575448226
674 94 0.013168400780235276
675 147 19.348824396097587
676 10594 5.140984823095706
677 9963 2.6637548127636115
678 43516 10.430192726761668
679 6575 1.8386506037865813
680 12612 477.70838667978387
681 451 59.629144227695264
682 265 124.79004497318134
683 238 38.92816105711687
684 675 3.910339739025818
685 18128 238.11057078256732
686 396 10.103779245309244
687 555 13.254308514170722
688 648 210.41625521044884
689 1855 966.990768296996
690 474 120.32400420388048
691 5350 1160.6861703606348
692 404 215.22402536227966
693 444 103.99383742318497
694 916 144.4134706415628
695 64548 245.9341780734119
696 42083 6.3005145197583925
697 44153 18.32042387841179
698 2395 325.0760852946037
699 3188 437.2866831815437
700 156 180.32350806258563
701 1348 568.4782431424393
702 1995 171.48654163648635
703 176 14.801585181089642
704 133 48.52979627704839
705 37 10.508687298937293
706 623 278.306047363926
707 668 108.53990095707007
708 61 100.00828845539053
709 3377 1074.1444331016205
710 717 299.0707771619019
711 784 233.24272622112534
712 198 127.85574875250387
713 212 149.80876089001185
714 254 119.2015881926866
715 41 38.262377663525854
716 7091 520.9134548113736
717 125 73.68228964767404
718 78 60.74239533156138
719 401 136.32860499739766
720 1143 802.4752350203939
721 3390 969.7164334352128
722 1665 596.4238869060397
723 27969 276.25975487145115
724 310 98.45688358401661
725 1296 15.574082582622005
726 963 529.3679966856989
727 74 45.659986841637874
728 51 32.05474233857454
729 1606 292.00880506010066
730 59 0.2795024532932199
731 324 165.21524617102472
732 3944 945.0375094401982
733 68 69.71977746615042
734 1362 535.5955807517255
735 303 669.8991806139643
736 2 35.89042960816807
737 7 9.180776899352429
738 1951 1.3962667008495793
739 1136 52.2627583602704
740 2681 162.16342430930183
741 856 60.5941077719279
742 11423 291.1055224966293
743 2599 179.14456167364483
744 126 3.4038323729685236
745 994 67.42860584682245
746 34004 142.18273907060572
747 14910 277.14562770174996
748 17591 73.7921716239612
749 1262 64.11405381028793
750 2631 56.01534022551456
751 2023 134.7895005691146
752 16134 393.07612853804727
753 1437 125.39797713348479
754 2836 161.65364511341366
755 9105 84.81868834913521
756 7976 197.58918265258373
757 889 125.57751078383374
758 750 182.97057399493744
759 32517 671.3944674647141
760 1599 132.59082667564482
761 603 10.251770664574508
762 7623 243.1950221390987
763 5280 32.88224887528436
764 721 52.49451348809338
765 7665 127.20354688902033
766 14685 97.24642507996177
767 13993 162.20348897369408
768 6824 153.10764837520483
769 2350 36.56314508020887
770 115 0.41280924853705886
771 2608 185.98380455816783
772 66 2.6380674350614752
773 913 42.965993664835516
774 99 7.389729991026986
775 2223 30.346350639462422
776 4993 123.82741309998347
777 1301 39.58879925312395
778 6281 245.22843426301588
779 1766 73.40677601595065
780 1070 117.63273961114878
781 196 25.50400117683943
782 144 0.552635379005617
783 1859 242.32418991902665
784 43 0.4596357203199397
785 3029 0.26562980214580145
786 1599 74.36049973976714
787 1411 90.33602317848577
788 1012 15.177784221394075
789 69 2.381940379646547
790 5050 259.4691539111378
791 75 1.9072223500649423
792 35326 8.210092479192953
793 962 40.526067302242325
794 4942 218.0635041552316
795 35977 9.593995030092804
796 17031 89.99998571421952
797 24251 8.631936518624796
798 53621 21.144586770286196
799 9735 2.6853236385651207
800 30690 12.560397577131631
801 35666 34.957318335065644
802 42383 25.775134865489726
803 0 13.967438073072152
804 47636 26.35501515837139
805 5790 3.8106477713410256
806 16406 8.23287250751741
807 20970 12.99116521003186
808 23059 12.108630619138003
809 38806 50.3725623439182
810 5315 20.293678966852355
811 13731 29.179730562458204
812 9103 52.62032024858802
813 14308 12.613992806144276
814 13933 170.76326376801745
815 17412 121.54775775022895
816 934 145.63824195324457
817 31295 313.92029229479056
818 15949 239.40998452502484
819 12471 39.047834584561784
820 12164 51.85308426139426
821 20160 317.8752349431735
822 53578 17.3743669854841
823 777 21.76873058871315
824 1005 31.338254849057215
825 1022 25.71686895846622
826 49507 41.50398727716113
827 30949 39.09565604164961
828 10459 14.835667964484777
829 31086 13.201381241920812
830 4611 6.7585537075847455
831 33971 26.534238382571658
832 43317 26.835464874740733
833 14777 10.718134987498011
834 26989 9.686036383180154
835 19987 62.67360080432805
836 37512 17.031654586816618
837 1368 19.900218842712786
838 8863 35.260997348250264
839 11931 41.3086180322071
840 25769 35.30530836436308
841 152 7.562676738270602
842 53 0.5429751025873479
843 16808 9.170694227154721
844 17602 8.763634040003273
845 17814 12.979395657431617
846 312 3.0925286140321884
847 20719 3.937264960300974
848 448 15.689908215790961
849 1896 21.007039414854432
850 30374 17.643474796022222
851 13131 10.799646948171189
852 2863 35.995116579690716
853 17753 3.8099342545216426
854 23043 7.507230535431052
855 71580 30.109322514235586
856 8673 2.8997180681918215
857 73 5.776655721957013
858 70228 32.09390931540995
859 17054 321.8871295928784
860 29809 217.63012376891322
861 36407 40.48500842474946
862 30215 75.65656172924353
863 11857 17.466358917493054
864 23136 12.414230104541025
865 19534 21.858054940795093
866 35321 130.6884533827956
867 14148 216.9825620813687
868 313 5.144070165576057
869 4054 83.33448533352278
870 33682 64.88137126504061
871 35241 86.33938805894081
872 19431 12.225815331962927
873 56274 32.74749883011041
874 2457 60.14600955680103
875 35369 11.315277908623514
876 6712 191.8776287766584
877 4539 140.47235662867936
878 24529 5.5290167367570815
879 16568 2.9604318630047706
880 25152 5.423756017402397
881 23223 9.149942779657666
882 37388 11.02130048478989
883 32561 8.695413646704155
884 24457 7.970242719271286
885 37995 5.614780840683432
886 16949 9.841193086608895
887 143 0.8087527818661708
888 16036 126.19195803223799
889 24498 130.15060378658126
890 21314 37.914668716611814
891 173 25.307416868340702
892 468 36.29261525536025
893 1512 63.1391261272253
894 1303 52.43197574660577
895 24010 57.09059462823766
896 37146 18.518442942592785
897 72264 38.31761498508873
898 46017 13.035161166769885
899 28708 39.117245330866396
900 39351 34.310106069989516
901 4600 8.254691527528314
902 34961 13.021520563029636
903 16710 61.84132165863317
904 70544 25.464393657422352
905 30769 18.905193383135366
906 18118 57.95078625846915
907 32930 8.222512227855882
908 40384 13.87190597022071
909 21255 20.997382227253564
910 10064 3.8084307726522284
911 54609 23.75060733872126
912 12757 22.170166811583684
913 16541 4.789502113523306
914 34790 13.849718994837042
915 61 82.78528549167024
916 37 5.118535684335217
917 651 10.104139478638512
918 311 36.16595829787629
919 46 1.7375250387260481
920 2307 59.16294052327655
921 66502 15.423275320194534
922 37267 5.443270779632956
923 15762 3.190842583054439
924 25671 4.469150050116062
925 34775 12.829374112930253
926 34299 4.5816088723191
927 71969 7.158441274631389
928 35554 11.21951105564968
929 45275 6.382729958594402
930 41989 8.26439968061628
931 31366 8.614099370344572
932 36385 6.2269798161227
933 35897 10.481898757832083
934 28009 6.785575840505825
935 39208 4.253217775526373
936 47860 3.1035452673912003
937 32628 6.000656759799659
938 35896 5.709499040149993
939 33745 7.60416032815596
940 49660 11.186920171058707
941 28684 7.175776490084124
942 23472 7.184581550184788
943 26713 9.421578787237625
944 30559 5.995776814409951
945 14331 2.8619402869820245
946 25528 3.84498036284338
947 26137 4.287697858059574
948 30853 7.809132706406362
949 30482 6.532528722140798
950 25563 6.620594381132268
951 17491 3.734484097995821
952 18944 3.519579241293782
953 31280 7.380505237862106
954 23358 14.841752934762631
955 95137 30.65666906564818
956 8498 11.33968188269598
957 13076 1.7753449050729193
958 40830 8.219789435317846
959 10258 2.5189730608790466
960 1196 0.11681096591953322
961 18673 3.461385921479173
962 38094 6.195720211831097
963 29557 5.839904277548777
964 19819 6.235110741825831
965 33803 4.77364914432036
966 19664 2.2551590972622266
967 32692 5.779578129319518
968 16793 2.01233557838878
969 52151 8.745373723739261
970 49900 12.506837483416911
971 56526 7.343969161247079
972 47091 6.218683638688673
973 10508 2.5386723799492508
974 19547 3.5697285083946335
975 28998 5.44853412448243
976 36399 6.607730228865925
977 15294 11.08245443608233
978 27965 5.975472087129361
979 26042 6.079228552410282
980 57 24.630651184484254
981 31255 11.587518938311684
982 22290 5.599486947429872
983 21077 13.826457883202547
984 15085 7.324620422951766
985 28954 12.412343995416196
986 16074 5.282463084771049
987 46929 12.027609008227065
988 27562 10.105111297812963
989 366 0.1234604175772243
990 0 0.04555851224021115
991 25464 6.898328872566205
992 23940 6.477111863066547
993 74514 32.94162366775444
994 35 7.998467174365286
995 10679 147.86014915899224
996 2283 111.63809214560068
997 24739 9.719892524598569
998 12672 37.33943439120181
999 28739 23.669692678112796
1000 61600 40.86106036012522
1001 49906 15.503852527502058
1002 28595 18.95312951256917
1003 71889 20.44665033197065
1004 15639 19.747781843004677
1005 784 37.477846615505555
1006 4733 194.4486982179068
1007 26 2.1507690383121467
1008 1137 192.95390480573656
1009 352 5.8116948804396005
1010 978 68.08601313982922
1011 471 22.017187724421888
1012 4816 190.9704662724306
1013 2098 134.5555875162356
1014 773 23.77558158570619
1015 338 28.564264390414163
1016 12782 208.0208757723974
1017 1433 108.03551445026
1018 2038 110.24026559196413
1019 97 0.11722834237069825
1020 9585 190.0742926222052
1021 73 0.6954449209803288
1022 106 8.648492579888401
1023 562 15.96022375393245
1024 323 17.11396693729855
1025 27492 313.8476896418053
1026 1071 75.1779768863794
1027 2351 112.32074434321703
1028 2100 88.76641011464146
1029 341 6.336617775835255
1030 1292 80.70343762210481
1031 94382 29.878873570070596
1032 23104 57.78691947607479
1033 11872 100.43282980461686
1034 3426 218.6051414137826
1035 3762 172.28975153552835
1036 9483 144.19664840145978
1037 217 19.602463409096877
1038 84 0.304392916106175
1039 73 6.448995902683719
1040 141 14.327870631060838
1041 23 0.13604310135799857
1042 690 11.561044684376917
1043 301 11.624216405635856
1044 2205 53.25769964957367
1045 131 19.204865814050105
1046 11068 154.671464887096
1047 5217 6.559860122904045
1048 3269 69.32623124122583
1049 77 1.1551343095025923
1050 221 1.844559125370465
1051 1581 116.46561721521489
1052 3046 151.1248206555397
1053 3317 78.4249525480427
1054 25552 381.91271967283245
1055 16897 116.78477892561665
1056 626 51.18391706834163
1057 18 0.6035904413456742
1058 4558 555.7564444314028
1059 4978 381.4405723115319
1060 8413 301.22589564121535
1061 4258 57.279379672801575
1062 40025 80.41703359243364
1063 7545 446.6605177321285
1064 251 27.544252714684394
1065 962 45.292119500167566
1066 1062 192.11142715719146
1067 258 54.56310183676527
1068 74 28.056411844379202
1069 536 39.46429674577643
1070 212 45.20979170559863
1071 940 93.66789768910127
1072 1956 0.49180691184669584
1073 1274 0.3018894296035348
1074 523 0.038561182522853385
1075 3996 229.86959128768163
1076 2882 0.6455871610215954
1077 559 202.67802862407083
1078 35 27.857380420295385
1079 24268 27.045268549506794
1080 5051 6.715116826796109
1081 4058 128.36759205061955
1082 2572 179.80958019882718
1083 9307 106.29193648773662
1084 5178 136.27106766517838
1085 1461 98.69214838061026
1086 757 61.12641448531808
1087 0 0.05768829816972125
1088 1798 140.8811152792986
1089 2718 145.72862345308164
1090 5386 255.15144046999447
1091 960 96.44642021507435
1092 238 25.810806073232772
1093 757 54.46922225122279
1094 2506 127.41465636134221
1095 1989 141.55594620515618
1096 1587 104.37195925232086
1097 5096 393.2094739435086
1098 1716 75.38237667510428
1099 2534 188.5724540036479
1100 2369 272.042032241076
1101 48938 148.23688603962643
1102 23288 11.745087235925418
1103 56171 11.201798232269802
1104 30252 12.851207804823806
1105 15449 3.2131515667254056
1106 671 71.36858549151579
1107 1879 95.34499117370429
1108 105 12.600326719660478
1109 1466 132.6426523983895
1110 1082 148.3521263418981
1111 197 10.392016874209455
1112 10115 122.61205959255409
1113 35015 70.48503352139083
1114 23506 50.335813911106925
1115 24476 46.538061566308414
1116 29155 114.3297872422575
1117 1015 52.71648517290428
1118 22686 9.512787704035695
1119 3005 28.433509730547016
1120 6454 99.74189146822302
1121 1601 88.54968092516259
1122 11039 167.46115927950245
1123 7831 76.37073878334571
1124 1037 72.69471750448264
1125 9042 3.947451880085931
1126 1826 1.1367037221794078
1127 16697 3.2632823009218574
1128 8007 5.082144396035812
1129 1187 92.314458213706
1130 413 21.458732627332637
1131 506 35.522246049016445
1132 522 40.89285355762266
1133 2231 64.24574245131637
1134 151 0.6419041323743585
1135 4973 48.28858705136858
1136 2837 82.66420384959312
1137 2095 37.03341135171283
1138 5875 122.18376996341296
1139 13554 8.045561601057612
1140 1862 0.03481251650586798
1141 2660 113.4040829532801
1142 3514 135.04499325865604
1143 2276 115.73758642897187
1144 8708 160.51880626473945
1145 190 55.66944364220993
1146 2867 67.2247442845295
1147 1778 60.03371405581802
1148 1840 14.413974891003356
1149 7057 255.48055203344572
1150 2302 103.11733722318405
1151 263 37.66010035567732
1152 1341 105.53835539006359
1153 104 10.429984231587174
1154 244 16.37886855074232
1155 111 9.27091978804535
1156 1923 118.02622019870363
1157 6644 169.64299409881437
1158 666 69.94349047177053
1159 1197 81.20688705893618
1160 7071 137.34667033206333
1161 1651 77.29207934554137
1162 92 0.19783103242177183
1163 285 11.311013796202916
1164 7378 49.754723960111015
1165 9135 203.8320053992528
1166 21872 62.56509798500997
1167 1161 117.00598921693846
1168 1080 53.53731407249764
1169 1780 22.62991141271697
1170 4326 79.61534841088067
1171 2982 57.52778120979711
1172 1352 39.52603564186398
1173 3235 62.941643745067545
1174 22839 113.33533823322733
1175 7095 67.32048565475979
1176 1412 35.653879091331696
1177 250 0.5771408979501064
1178 15587 310.72567749348644
1179 44 8.594505071065967
1180 431 26.48449645326542
1181 972 45.79482337369903
1182 14411 139.77240937023646
1183 3136 48.78203682796986
1184 1849 50.786610208232624
1185 4801 95.77573602657618
1186 868 13.910154023879647
1187 2211 29.295420287661564
1188 3297 66.84066605714003
1189 2982 81.1843946767321
1190 1304 51.7279941065364
1191 129 2.0593504680330565
1192 305 1.4043636495613108
1193 1186 81.37238435081552
1194 516 42.79071292994408
1195 3351 123.64443117110967
1196 23724 76.91752239778717
1197 8036 60.1828166771429
1198 4745 98.93332903472911
1199 230 1.546740757100033
1200 3180 176.29101949507103
1201 993 1.2115187406273698
1202 371 30.792967766646022
1203 19690 5.574218876689776
1204 14385 2.398446247627402
1205 7194 1.6715513739832
1206 31340 2.1956294778199745
1207 5901 1.5133371274307061
1208 21334 4.997910801131125
1209 21310 4.916096136352755
1210 18064 3.3440923278409014
1211 26689 8.567921550215676
1212 38891 13.91633243088385
1213 27108 9.18388926898503
1214 44072 9.286699397835047
1215 44935 7.58913014268792
1216 42820 21.428232872121416
1217 14808 23.764509333633978
1218 26928 22.54465541925291
1219 13122 10.889787134148884
1220 55614 13.358296640756636
1221 40651 12.677554104497782
1222 7955 14.576998812349709
1223 16131 20.547242689927522
1224 34449 10.069399935443716
1225 4466 17.306280569639704
1226 8762 11.45228780982769
1227 65099 28.153463259289232
1228 26814 13.41069726963986
1229 20299 8.11007773008987
1230 860 0.3183810118039157
1231 6841 1.6286318701090507
1232 42117 8.69311016112816
1233 49301 10.86734764794277
1234 8731 140.3361046460447
1235 14367 172.40564628098662
1236 1290 52.4017192357648
1237 16375 104.829099980386
1238 68789 45.44783759615875
1239 52932 16.576879892879813
1240 22791 63.637788283188954
1241 21696 24.652889511457197
1242 28330 6.94184297378984
1243 23502 92.41485983718843
1244 14060 13.334105795084765
1245 44295 126.38959910238967
1246 17655 20.125254248282232
1247 9773 31.680276897035817
1248 12134 16.994448236825807
1249 6946 28.98677020897394
1250 12081 37.94536345342141
1251 22210 69.45406349373047
1252 16792 11.421023186207812
1253 11457 93.85223985593755
1254 1764 18.60801787498629
1255 6083 17.64930725547763
1256 820 5.764895435808969
1257 15036 13.253118161165226
1258 11425 3.702041476640046
1259 17553 200.51913676820124
1260 24379 78.81591150229268
1261 2456 163.5859146837746
1262 5568 262.5322345122835
1263 36298 95.19994262521679
1264 4804 107.13476085603486
1265 4225 67.75159035485879
1266 1868 106.24448568873679
1267 181 9.951436454531835
1268 11007 165.05295275499347
1269 2846 103.62302334991513
1270 1636 50.26039580106163
1271 6036 88.56849375363902
1272 2346 104.44891211851174
1273 1876 165.3343478811485
1274 778 151.9163996126623
1275 5301 326.88792110233715
1276 808 87.518158771392
1277 1806 163.9455379716045
1278 11350 199.88592534019463
1279 1088 79.51101935607424
1280 2876 134.1029846470331
1281 611 5.39747133963555
1282 1541 101.69994185301245
1283 1185 67.12776893174795
1284 2874 3.009956802888662
1285 176 16.558887145423068
1286 1003 54.65975904135463
1287 2893 74.01111935653756
1288 24385 312.41511698123696
1289 977 60.623349606253
1290 888 50.57592544830324
1291 1078 60.23333003859477
1292 395 69.47926283828342
1293 10089 85.99071501489583
1294 142 7.0426982673278795
1295 1076 36.599727875187064
1296 288 19.216840386905268
1297 799 531.9497082611966
1298 200 818.63829793806
1299 2503 1473.5914540916792
1300 5138 468.47047862770023
1301 104 439.7053909130081
1302 213 709.0395221908364
1303 498 620.370843030933
1304 7682 2009.8804859327533
1305 29 348.1709702902098
1306 2336 1821.4634944254567
1307 2137 1293.8697990106518
1308 13315 1732.8203532217137
1309 579 1650.8495216966255
1310 167 831.9600017451818
1311 641 673.3088801955839
1312 1938 483.543722210296
1313 3729 31.16711467389038
1314 21236 6.55732381771653
1315 49544 104.10309816107257
1316 11328 2.1993055566280617
1317 5772 19.183011658741275
1318 26036 6.505965664705783
1319 40057 8.9413835122016
1320 18042 3.505684582322389
1321 8935 6.516822857866523
1322 77161 23.685155684119
1323 24986 14.273177327462522
1324 13208 14.014732886793299
1325 39016 28.32044395572489
1326 28410 10.970635385183252
1327 18451 3.050912204998633
1328 1565 6.237811912642067
1329 12690 11.839064891420346
1330 59058 12.241700733748573
1331 12799 11.392936569590283
1332 33725 2048.956288214463
1333 12747 1156.3145643918042
1334 2995 1.6743031241843591
1335 153 0.004928594263757207
1336 7230 277.2617718692133
1337 2480 341.2766020537547
1338 2739 146.03654959019116
1339 1508 179.30340063351645
1340 3194 265.5704424113162
1341 3445 173.45527083523166
1342 67 32.251984179077276
1343 1317 281.14173733623477
1344 971 87.89238251296918
1345 157 19.341850618612906
1346 90 52.956225279808244
1347 16972 432.1049070497624
1348 5369 115.73845901988734
1349 197 10.18156531999376
1350 16869 132.04512028627158
1351 1571 136.49070343183058
1352 2303 218.21200986259396
1353 197 192.33542472011453
1354 17689 66.19921520871911
1355 1571 131.41896294500205
1356 110 118.20633995215422
1357 720 200.62969519549898
1358 61 70.91478416116213
1359 138 17.14519603951833
1360 45 13.285499392275177
1361 319 174.3405818868659
1362 88 12.999690732157832
1363 262 383.4582036673529
1364 56 15.064462074727759
1365 10 12.336337851758387
1366 424 216.42648035434914
1367 3300 93.66052777078504
1368 392 1.432926330160603
1369 56 16.006123966597528
1370 666 71.93516842549077
1371 645 31.67031044159278
1372 2899 211.51582941697026
1373 6559 230.39200336063334
1374 1942 433.0603774998185
1375 236 20.703375073552465
1376 95 112.46297782074666
1377 8172 197.17015677292713
1378 39023 41.743269080783385
1379 11289 28.820448975053168
1380 32277 60.49794593642905
1381 1096 0.8094462213724543
1382 6291 47.695959209077415
1383 1116 108.55107475401431
1384 32296 32.12697008634789
1385 19068 70.74845288858481
1386 7951 1.4876736880634196
1387 9429 2.418062554729983
1388 15650 3.117332589957946
1389 6025 1.0091490771385814
1390 8408 2.750919309278653
1391 3307 433.74869536075073
1392 1889 408.83504904269824
1393 1263 129.86049472043885
1394 17121 3.1718517614753425
1395 21187 4.77867696684309
1396 1434 13.206461960441516
1397 63836 176.6032904399557
1398 42954 91.67807920345577
1399 2271 21.40764397364003
1400 3870 53.7698692040272
1401 25996 93.08008647144311
1402 23727 73.33989037787047
1403 35985 18.759069540090533
1404 19349 82.2595440596636
1405 2540 93.41494593797346
1406 26 0.8937775001274137
1407 17661 142.40106903970212
1408 335 2.527860746845159
1409 296 0.8259783443012091
1410 2268 79.8258165674899
1411 434 38.52402327732793
1412 154 78.65639570530828
1413 4952 163.53325073320804
1414 12977 277.72787402875997
1415 931 13.240685671130523
1416 166 12.205180101220547
1417 4475 213.80198981616903
1418 22538 12.84427804298707
1419 50606 21.78576348616287
1420 9467 100.12923418950204
1421 953 50.5786756540957
1422 1766 75.05766165711965
1423 850 64.29675658728921
1424 2903 113.64759334792285
1425 63 43.35830397669796
1426 5509 39.45559979428476
1427 813 20.5240391075171
1428 3026 38.56591034398615
1429 909 41.60561014182305
1430 517 79.6977271709367
1431 80324 27.325824675635562
1432 56065 15.879267008186911
1433 66551 11.407203817160543
1434 58730 12.76481512655657
1435 30700 8.001975298727253
1436 37881 7.482343161435497
1437 40811 10.729529634886338
1438 17993 33.20019166111967
1439 3956 11.658817724252005
1440 5374 11.410733949346483
1441 34156 9.227570552450436
1442 21182 7.843068770975001
1443 27066 26.876872788599794
1444 20276 10.211451558848921
1445 14648 8.414757906214238
1446 7482 2.2653896465929573
1447 3506 1.1199279687782338
1448 48877 21.932325941278492
1449 36041 47.006391535404795
1450 44537 10.98598719376306
1451 73146 17.662807318026182
1452 53442 11.573328138972073
1453 45373 39.09490121189751
1454 45980 13.25046100599694
1455 46364 16.800794829937438
1456 49416 14.614727172481109
1457 6691 69.6708027218659
1458 27802 13.362962685541401
1459 35090 15.191083896913808
1460 60982 13.284040698258062
1461 20892 4.720550056602579
1462 23061 4.351166877993257
1463 31571 12.53162524305132
1464 17177 6.720184417842862
1465 13653 3.5348360687385423
1466 22124 2.191389689836401
1467 44009 11.421431682308953
1468 24296 3.7719058930002762
1469 55406 8.699633743476804
1470 12414 3.8282694746076045
1471 36248 4.25228147775202
1472 24884 10.26311396037356
1473 9409 1.4477669394607233
1474 9648 3.8462954268513987
1475 1666 0.7036488199945328
1476 30483 6.576756726285991
1477 55029 11.396733112276968
1478 18861 6.084688809369001
1479 15949 12.48872195546852
1480 19669 5.121505582265246
1481 13373 4.597325161352099
1482 18339 60.30220603338703
1483 25908 17.595124765056827
1484 5118 17.584744408082198
1485 30251 11.136973607599726
1486 24712 9.12153840095012
1487 58094 14.556037711371635
1488 18450 13.637485579083764
1489 59406 15.652025414789566
1490 23031 7.668332054048127
1491 20328 10.489601110120974
1492 48197 33.02177732097601
1493 17101 6.650167105021336
1494 28682 8.268738696858827
1495 11032 5.255105429059903
1496 28794 10.36029201679699
1497 51624 11.749226251241318
1498 13266 4.6119630670103495
1499 26934 7.244659434715528
1500 23253 3.3209416414284547
1501 49004 5.618704410985688
1502 33395 7.368236069047424
1503 24112 5.068963253883802
1504 2331 0.43935261476114945
1505 21665 6.987817704174691
1506 32950 7.236678316656294
1507 30171 5.940759957188991
1508 34034 5.841550617222937
1509 15721 4.729807628452333
1510 14043 3.463550796374346
1511 468 6.538638402957852
1512 0 0.0051706803274764205
1513 13947 3.452266960310241
1514 0 0.005733617298612967
1515 26279 2.5577157114241458
1516 2770 0.4516692741433551
1517 4580 8.377035723717638
1518 4039 132.832894978664
1519 1990 1.8498410031243389
1520 32525 74.55628481676364
1521 63844 59.36246499983784
1522 75221 77.65988027743758
1523 12547 11.730192186218623
1524 33722 38.03388278246849
1525 2868 25.256714702925265
1526 10657 71.01177109700895
1527 21706 16.971076699969267
1528 70840 31.760073791847685
1529 42431 289.0122687827125
1530 57071 58.828327389933854
1531 402 5.3162995349785405
1532 8775 38.42820816158222
1533 4368 13.513666472585973
1534 30783 13.140287136465497
1535 34890 34.13313304926509
1536 8447 5.95041868919856
1537 990 27.684782323315783
1538 6082 14.976795645385229
1539 289 2.7557019569202637
1540 226 5.646653189126745
1541 779 1.824847837132836
1542 376 259.8494715033429
1543 882 1.3571726973252385
1544 61219 15.338767206643428
1545 20592 6.69474723435012
1546 19571 744.0105838328209
1547 33 95.19273988914235
1548 6927 20.651651281782
1549 170 101.72718445027544
1550 974 39.845852567656685
1551 33536 35.47973928836736
1552 397 19.125778188933694
1553 490 58.473646596046
1554 339 247.08490657099568
1555 250 128.82862430250643
1556 91 158.37794769705496
1557 224 118.15151460161205
1558 721 305.92666413898445
1559 878 104.38141219187116
1560 27728 11.889110297036126
1561 32854 70.82024086598085
1562 3976 461.34816725019573
1563 23 445.65911232021153
1564 927 807.4557534629504
1565 255 65.41439303965888
1566 201 167.94864609411317
1567 173 55.277117500158305
1568 352 95.66325210773178
1569 277 26.801091356407827
1570 80 159.4808640040031
1571 13574 849.5465357368452
1572 210 1.830419291517953
1573 30488 10.190068448193582
1574 23 195.2342018573059
1575 288 209.06600300850815
1576 14786 768.3468112593572
1577 2197 52.875830698829496
1578 39056 31.69550901394138
1579 7680 326.6764235973294
1580 4273 182.15002000009267
1581 45 2.2472100256835166
1582 3976 181.23354818632365
1583 545 53.59295718744643
1584 2435 281.1296604463032
1585 20103 366.8942053013373
1586 1919 3.4629975119575844
1587 11381 102.89541959267765
1588 85 1.7485942019808587
1589 390 122.20207854244885
1590 864 12.80685972290219
1591 1347 104.46574076791089
1592 1145 269.14251378770865
1593 35990 30.428159512708167
1594 17601 22.14045354650292
1595 8171 51.94099818223096
1596 5387 40.908625831471035
1597 9630 158.764904316159
1598 6388 37.91432276906302
1599 19408 21.90749764091571
1600 31944 10.278027542984756
1601 13025 1.9609785836845577
1602 15225 13.76218075141661
1603 58811 10.955260410472944
1604 45307 7.112866159997653
1605 30347 32.8808434633674
1606 20139 9.423459490932004
1607 27770 30.882129955814467
1608 11 0.15844204683573823
1609 56511 33.23107829071023
1610 11125 2.639154312684074
1611 15965 9.28097234427341
1612 28736 6.641192159963675
1613 29007 54.33693592402745
1614 40396 8.00278958821431
1615 28804 5.7313740449762705
1616 51111 11.33098300069344
1617 23514 9.608668843253328
1618 54903 9.60314449333356
1619 44817 27.04879752338621
1620 591 25.546542686684262
1621 1917 100.80989989142807
1622 49435 15.168925106988913
1623 28415 6.760421283805176
1624 7255 71.5027154565967
1625 2005 114.54769211285921
1626 357 1.0483550502936694
1627 55514 7.327076804989058
1628 6099 1.2857546058128455
1629 1453 1.1916638223806442
1630 11691 2.324553241173318
1631 3736 0.9855454928748705
1632 168 2.8412919287656933
1633 21513 708.0234468267806
1634 188 75.25088069906116
1635 459 79.08437374999421
1636 1183 26.270578859824834
1637 1774 237.04136930364157
1638 8689 225.73995477971326
1639 27558 311.8794009856416
1640 3386 73.2751012746005
1641 5930 230.27238620410597
1642 120 77.57249763319366
1643 1158 243.09795026077342
1644 32165 10.522419022790839
1645 49176 16.420832065631192
1646 43710 13.14314043153868
1647 49951 14.881011031711344
1648 35120 12.037492451702478
1649 10826 18.256894240436637
1650 13638 3.920172217014133
1651 9227 121.57451501705799
1652 6855 8.691679266467643
1653 353 75.97651572130836
1654 1436 260.891245828166
1655 4956 43.922496552107575
1656 0 0.009148304934231355
1657 9602 20.923517020156076
1658 9838 77.14743041280501
1659 13513 29.869582793433793
1660 59546 92.33584093825917
1661 2397 3.9142181353736003
1662 5591 37.58038029519828
1663 22660 13.792835719702175
1664 40586 15.876094792717186
1665 345 188.77044565457447
1666 14102 234.54027624838417
1667 767 5.352283099381156
1668 436 33.292751935530205
1669 123 133.09882632660847
1670 10831 166.76503597700068
1671 5861 216.99230498365245
1672 151 25.43978350478844
1673 11031 553.1779757280729
1674 4787 372.46390755478404
1675 647 98.63477359740664
1676 5137 32.56322152843951
1677 126 285.89153849361463
1678 817 178.18849392352396
1679 871 98.48523506672618
1680 34111 49.180099676137495
1681 6324 38.97094465302542
1682 12751 35.26834680315121
1683 836 3.492588382648877
1684 12516 59.8890875170078
1685 2885 9.004786894765536
1686 8056 12.341953707893627
1687 59408 36.909770624419885
1688 6623 88.34296259287687
1689 581 1.2214936903182563
1690 533 1.8452498621615234
1691 4525 165.17375563130022
1692 277 204.82239956324122
1693 3161 305.22046241140885
1694 1760 245.11651907267523
1695 433 203.02123021419405
1696 554 243.63517012434033
1697 2955 4.047183230192572
1698 7081 342.4249058296795
1699 16620 47.53222061260516
1700 1944 2.690539492847071
1701 9447 18.992086835923566
1702 11949 49.00637107198952
1703 4877 92.77342713556973
1704 2939 11.845032872739178
1705 536 1.040833779924849
1706 1413 12.876928387312992
1707 26387 22.852569201092823
1708 5616 170.70488550526102
1709 9227 216.3472494853258
1710 694 1.2839966826101126
1711 3352 102.9580955587439
1712 37 23.48893469776694
1713 36953 8.025679269556461
1714 3585 17.199755365661925
1715 4 0.24448337212373183
1716 12061 4.442444907080651
1717 5391 2.1546273573468295
1718 28024 6.000654829288784
1719 878 17.439991999962935
1720 16867 5.078081442848384
1721 30165 14.345790019104335
1722 17236 3.1069634299463935
1723 386 1.789085123174316
1724 621 2.1449937219786346
1725 15508 2.9322259408151696
1726 3539 152.95511060282905
1727 632 0.9943764218212594
1728 4627 439.18260007382275
1729 27593 468.9827041669691
1730 375 31.174080729331564
1731 175 23.18198076593405
1732 325 17.364183540618722
1733 179 1.5721242723904512
1734 771 38.73031882773202
1735 119 5.613544541519111
1736 2379 165.37818823870998
1737 379 21.67679966084785
1738 19364 100.73861461906387
1739 197 85.58528070400327
1740 709 0.5245873726055874
1741 37 0.39341610849162234
1742 96 29.421445968089426
1743 103 3.664101532516753
1744 4987 1048.4197343771477
1745 33 36.15018911284531
1746 21780 814.8278022909759
1747 2335 244.8948056902194
1748 786 205.54297703309823
1749 128 212.37033955369677
1750 8578 359.34126644602213
1751 984 117.96898248177212
1752 7829 556.7126283982783
1753 242 12.12196388554696
1754 1905 184.83952049198683
1755 53040 572.6589594237503
1756 1219 101.94008427838276
1757 3598 1085.250617377378
1758 989 59.68551862016349
1759 229 50.51010390781733
1760 336 4.80480411492254
1761 275 45.11743606534084
1762 45 432.77194797813735
1763 281 829.6422384968579
1764 264 45.241679884231125
1765 1788 227.35068811129628
1766 1299 243.13843963755818
1767 1682 1708.1258805060102
1768 258 178.5135765107792
1769 28132 149.9621218322247
1770 1432 76.26925028224069
1771 1322 60.69909397263616
1772 1584 91.8628684766107
1773 2579 38.09876455026046
1774 873 73.03727507617796
1775 33396 77.33271814386785
1776 301 51.36231519219394
1777 23627 119.97253269127116
1778 4660 43.317876762363376
1779 18982 173.56635474758957
1780 4139 87.81842116643011
1781 3658 116.29102026727537
1782 605 23.51237109978888
1783 28145 26.211752718545416
1784 27986 51.30767130967402
1785 3291 171.77300126487071
1786 294 1.4827802290975864
1787 310 1.6999047872036472
1788 4618 56.661248623545745
1789 5832 56.217088650603785
1790 5327 84.1999457140342
1791 17748 100.52309624600578
1792 1416 120.19664685705108
1793 9000 419.4119351132129
1794 2637 102.71878827237809
1795 752 35.76322863271953
1796 8436 97.74192197029484
1797 37966 112.38732109955721
1798 590 7.309172088828211
1799 434 11.817073669839397
1800 17759 72.50718536147657
1801 646 0.8227771711683606
1802 1563 40.90271924039803
1803 3300 103.2890175552937
1804 242 5.070424264513967
1805 6165 114.00967726491398
1806 18552 103.97869449588184
1807 15920 90.30362109785837
1808 5910 62.20160479508013
1809 14882 107.32043082825095
1810 8858 105.48095164919683
1811 2434 207.14766284631435
1812 8787 63.85403175613169
1813 20196 14.697565780227553
1814 258 106.55005505817016
1815 977 236.8666970657779
1816 481 75.86385110664605
1817 1622 67.34501627034565
1818 25130 101.00462936507815
1819 91 0.7431949491657877
1820 1499 100.89754199633357
1821 1125 130.0908749384167
1822 1147 106.35344101980395
1823 4881 2.7460988236238935
1824 17123 54.47618019851829
1825 19759 98.3617584328576
1826 3866 100.97601456068523
1827 8327 50.811584069115376
1828 152 1.5093401977152017
1829 13098 71.85338619329511
1830 10592 32.76127109469233
1831 10579 36.7918133211428
1832 24018 6.552058928458356
1833 19782 27.231684471124964
1834 47852 25.235236611134876
1835 21607 8.082388412610406
1836 28986 98.30377013329792
1837 8785 95.61161596115504
1838 36039 12.676067997226243
1839 47187 14.110557655093382
1840 35330 13.975468612209786
1841 12900 10.185503176076491
1842 39556 16.29785620628358
1843 18510 8.472097554119943
1844 27107 5.578690712080519
1845 25702 412.3331254816625
1846 1883 29.953895539284353
1847 847 0.08904713072029677
1848 407 67.83238802650823
1849 4353 30.478160902675995
1850 671 2.279953420633609
1851 14120 49.39781497057129
1852 11831 80.19558855098943
1853 44622 16.50814019215533
1854 63140 37.20003258702357
1855 20579 6.976785220626505
1856 34108 32.01230082919303
1857 30347 15.03889747751727
1858 5699 19.175373399413434
1859 36090 78.83605947209021
1860 74734 23.885708736874456
1861 3070 13.177526305141182
1862 45452 9.421144422290759
1863 50926 9.35209468151976
1864 33262 9.85605029830254
1865 47553 23.616632586714687
1866 2883 73.04436429821297
1867 459 126.56210646535814
1868 1063 635.7803318007651
1869 2532 359.5887444266151
1870 472 144.03782449957296
1871 160 32.00703632603703
1872 4869 305.006400801857
1873 2945 112.3280826011549
1874 433 72.60217807958956
1875 252 139.7654753612758
1876 1370 95.55324735095297
1877 1014 90.43727191014013
1878 110 107.65600458380503
1879 178 111.96830255584196
1880 55 44.933601622864664
1881 1685 264.3853774612083
1882 75 8.928327853256462
1883 281 35.92435679238668
1884 271 68.69451982016905
1885 333 158.08721546200215
1886 8197 574.7151867112898
1887 758 78.25312704151526
1888 512 82.55288093998891
1889 791 157.73126130314117
1890 74 30.330527786229126
1891 480 34.50171969908741
1892 12995 304.2449270035228
1893 183 140.91403782565789
1894 3669 116.10291360423291
1895 111 77.91861583914674
1896 137 75.45197699757682
1897 21519 114.79440638335004
1898 940 123.54315772891611
1899 295 90.3413120060788
1900 1788 227.79653805345816
1901 4988 316.64619256923197
1902 662 125.32087059862826
1903 1350 652.6685251051356
1904 89 54.56258832087253
1905 619 352.1688517475757
1906 15652 956.2773491614633
1907 1186 164.22728560904528
1908 979 219.2735773293158
1909 321 0.09524793165064857
1910 30098 10.95896814965938
1911 1161 16.367829117354983
1912 506 185.8391228067466
1913 3238 285.75268263791185
1914 3528 199.1299542700584
1915 296 185.61001016220925
1916 256 61.301906031997056
1917 1383 89.1768127883218
1918 1606 104.71519134451589
1919 178 37.44394761674572
1920 2842 93.7476625374326
1921 175 79.43440703200169
1922 3469 166.25373862736043
1923 174 91.40788258478418
1924 2449 194.75768922481495
1925 124 135.72108017488884
1926 96 14.292626838425507
1927 181 60.21947939527133
1928 1897 141.46110406689144
1929 199 97.12617703248046
1930 3635 145.109581588795
1931 5628 126.19131903313838
1932 612 72.69519704338398
1933 1688 137.13345351407034
1934 1906 175.19468931902387
1935 332 6.059561665922777
1936 172 34.58224941582741
1937 1242 11.903698395513802
1938 2865 3.7929932493895726
