0 0
1 1
2 2
3 3
4 4
5 5
6 6
7 7
8 8
9 9
10 10
11 11
12 12
13 13
14 14
15 15
16 16
17 17
18 18
19 19
20 20
21 21
22 22
23 23
24 24
25 25
26 26
27 27
28 28
29 29
30 30
31 31
32 32
33 33
34 34
35 35
36 36
37 37
38 38
39 39
40 40
41 41
42 42
43 43
44 44
45 45
46 46
47 47
48 48
49 49
50 50
51 51
52 52
53 53
54 54
55 55
56 56
57 57
58 58
59 59
60 60
61 61
62 62
63 63
64 64
65 11
66 65
67 66
68 67
69 68
70 69
71 70
72 71
73 72
74 73
75 74
76 75
77 76
78 77
79 78
80 79
81 80
82 81
83 82
84 83
85 84
86 85
87 86
88 87
89 88
90 89
91 90
92 91
93 92
94 93
95 94
96 95
97 96
98 97
99 97
100 97
101 98
102 99
103 100
104 101
105 102
106 103
107 104
108 61
109 105
110 105
111 105
112 106
113 107
114 108
115 109
116 110
117 111
118 112
119 113
120 114
121 115
122 116
123 117
124 118
125 119
126 120
127 121
128 122
129 123
130 124
131 125
132 126
133 127
134 128
135 129
136 130
137 131
138 132
139 133
140 134
141 135
142 136
143 137
144 138
145 139
146 140
147 141
148 142
149 143
150 144
151 145
152 146
153 147
154 148
155 149
156 150
157 151
158 152
159 153
160 154
161 155
162 156
163 157
164 158
165 159
166 160
167 161
168 139
169 162
170 163
171 164
172 165
173 164
174 164
175 164
176 166
177 167
178 168
179 169
180 170
181 171
182 172
183 173
184 174
185 175
186 176
187 177
188 178
189 179
190 180
191 181
192 182
193 183
194 184
195 185
196 186
197 187
198 188
199 189
200 190
201 191
202 192
203 193
204 194
205 195
206 196
207 197
208 198
209 199
210 200
211 201
212 202
213 203
214 204
215 205
216 206
217 207
218 208
219 209
220 210
221 211
222 212
223 213
224 214
225 215
226 216
227 217
228 218
229 219
230 220
231 221
232 222
233 223
234 224
235 225
236 226
237 227
238 228
239 229
240 230
241 231
242 232
243 233
244 234
245 235
246 236
247 237
248 238
249 239
250 240
251 241
252 242
253 243
254 244
255 245
256 246
257 247
258 248
259 249
260 250
261 251
262 252
263 253
264 254
265 255
266 256
267 257
268 258
269 259
270 260
271 261
272 262
273 263
274 264
275 265
276 266
277 267
278 268
279 269
280 270
281 271
282 272
283 273
284 274
285 275
286 276
287 277
288 278
289 279
290 280
291 281
292 282
293 283
294 284
295 285
296 286
297 287
298 288
299 289
300 290
301 291
302 292
303 293
304 294
305 295
306 296
307 297
308 298
309 299
310 300
311 301
312 302
313 303
314 304
315 305
316 306
317 307
318 308
319 309
320 310
321 311
322 312
323 313
324 314
325 315
326 316
327 317
328 318
329 319
330 320
331 321
332 322
333 323
334 324
335 325
336 326
337 327
338 328
339 329
340 330
341 331
342 332
343 333
344 334
345 335
346 336
347 337
348 338
349 339
350 340
351 341
352 342
353 343
354 344
355 345
356 346
357 347
358 348
359 349
360 350
361 351
362 352
363 353
364 354
365 355
366 356
367 357
368 358
369 359
370 360
371 361
372 362
373 363
374 364
375 365
376 366
377 367
378 368
379 369
380 370
381 371
382 372
383 373
384 374
385 375
386 376
387 377
388 378
389 379
390 380
391 381
392 382
393 383
394 380
395 384
396 385
397 386
398 387
399 388
400 389
401 390
402 391
403 392
404 393
405 394
406 395
407 396
408 397
409 398
410 399
411 400
412 401
413 402
414 403
415 404
416 389
417 393
418 405
419 406
420 407
421 408
422 409
423 410
424 72
425 411
426 412
427 413
428 414
429 415
430 416
431 417
432 418
433 419
434 420
435 421
436 422
437 423
438 424
439 425
440 426
441 427
442 428
443 429
444 430
445 431
446 432
447 433
448 434
449 435
450 436
451 437
452 438
453 439
454 440
455 441
456 442
457 443
458 444
459 445
460 446
461 447
462 448
463 449
464 450
465 451
466 452
467 453
468 454
469 455
470 456
471 457
472 458
473 459
474 460
475 461
476 462
477 463
478 464
479 465
480 466
481 467
482 468
483 469
484 470
485 471
486 472
487 473
488 474
489 475
490 476
491 477
492 478
493 479
494 480
495 481
496 482
497 483
498 484
499 485
500 486
501 487
502 488
503 489
504 490
505 491
506 56
507 56
508 56
509 56
510 492
511 56
512 56
513 493
514 56
515 494
516 495
517 56
518 56
519 56
520 56
521 56
522 56
523 56
524 56
525 56
526 56
527 496
528 497
529 498
530 56
531 56
532 56
533 56
534 499
535 56
536 500
537 501
538 502
539 503
540 504
541 505
542 506
543 56
544 56
545 507
546 508
547 509
548 510
549 56
550 511
551 56
552 512
553 56
554 513
555 514
556 515
557 516
558 517
559 518
560 519
561 520
562 518
563 521
564 522
565 523
566 524
567 525
568 526
569 527
570 528
571 529
572 530
573 531
574 532
575 533
576 532
577 532
578 534
579 535
580 536
581 532
582 537
583 532
584 26
585 529
586 538
587 539
588 540
589 541
590 542
591 543
592 544
593 545
594 546
595 547
596 548
597 532
598 549
599 550
600 532
601 532
602 532
603 26
604 529
605 532
606 551
607 552
608 553
609 26
610 554
611 26
612 532
613 555
614 556
615 557
616 558
617 559
618 560
619 26
620 26
621 561
622 26
623 562
624 563
625 564
626 565
627 566
628 567
629 568
630 569
631 570
632 571
633 572
634 573
635 574
636 575
637 576
638 577
639 578
640 579
641 580
642 581
643 582
644 583
645 584
646 585
647 581
648 586
649 587
650 588
651 589
652 581
653 590
654 591
655 592
656 593
657 581
658 594
659 595
660 596
661 597
662 598
663 581
664 599
665 600
666 601
667 602
668 603
669 604
670 605
671 606
672 607
673 608
674 609
675 610
676 611
677 612
678 613
679 614
680 615
681 616
682 617
683 618
684 619
685 620
686 621
687 622
688 623
689 624
690 625
691 626
692 627
693 628
694 629
695 630
696 631
697 632
698 633
699 634
700 635
701 636
702 637
703 638
704 639
705 640
706 641
707 642
708 643
709 644
710 645
711 646
712 647
713 648
714 649
715 650
716 651
717 652
718 653
719 654
720 655
721 656
722 657
723 658
724 659
725 660
726 661
727 662
728 663
729 664
730 665
731 666
732 667
733 668
734 669
735 670
736 671
737 672
738 673
739 674
740 675
741 676
742 677
743 678
744 679
745 680
746 677
747 681
748 682
749 683
750 684
751 685
752 686
753 687
754 688
755 689
756 690
757 691
758 692
759 693
760 694
761 695
762 696
763 697
764 698
765 699
766 700
767 701
768 702
769 703
770 704
771 705
772 706
773 163
774 707
775 708
776 707
777 704
778 709
779 704
780 710
781 711
782 699
783 706
784 712
785 706
786 712
787 713
788 714
789 706
790 706
791 715
792 706
793 716
794 717
795 718
796 713
797 719
798 714
799 720
800 721
801 713
802 706
803 722
804 723
805 714
806 724
807 724
808 97
809 97
810 97
811 97
812 97
813 97
814 97
815 97
816 724
817 724
818 724
819 724
820 724
821 724
822 724
823 724
824 724
825 97
826 725
827 97
828 97
829 725
830 725
831 725
832 725
833 725
834 97
835 97
836 97
837 97
838 97
839 97
840 97
841 724
842 724
843 706
844 97
845 97
846 97
847 97
848 97
849 97
850 97
851 97
852 97
853 97
854 97
855 726
856 97
857 721
858 721
859 721
860 727
861 721
862 714
863 721
864 721
865 728
866 729
867 721
868 730
869 714
870 728
871 731
872 732
873 733
874 734
875 735
876 721
877 721
878 721
879 721
880 721
881 721
882 714
883 97
884 736
885 737
886 97
887 738
888 739
889 740
890 740
891 706
892 721
893 721
894 721
895 721
896 721
897 721
898 721
899 97
900 741
901 730
902 730
903 97
904 730
905 742
906 725
907 725
908 725
909 725
910 725
911 725
912 725
913 725
914 725
915 725
916 725
917 725
918 725
919 725
920 721
921 721
922 725
923 725
924 725
925 725
926 725
927 725
928 725
929 725
930 725
931 721
932 721
933 725
934 725
935 725
936 725
937 725
938 725
939 725
940 725
941 725
942 725
943 725
944 725
945 725
946 725
947 725
948 725
949 725
950 725
951 725
952 725
953 725
954 725
955 725
956 725
957 725
958 725
959 725
960 725
961 725
962 725
963 725
964 725
965 725
966 725
967 741
968 725
969 725
970 725
971 725
972 725
973 725
974 743
975 744
976 745
977 746
978 747
979 748
980 749
981 750
982 751
983 752
984 753
985 754
986 755
987 756
988 757
989 758
990 759
991 760
992 761
993 762
994 763
995 764
996 765
997 766
998 767
999 768
1000 769
1001 770
1002 771
1003 772
1004 773
1005 774
1006 775
1007 776
1008 777
1009 778
1010 779
1011 780
1012 781
1013 782
1014 783
1015 784
1016 785
1017 786
1018 787
1019 788
1020 789
1021 790
1022 791
1023 792
1024 793
1025 794
1026 795
1027 796
1028 797
1029 798
1030 799
1031 800
1032 801
1033 802
1034 803
1035 804
1036 805
1037 806
1038 807
1039 808
1040 809
1041 810
1042 11
1043 11
1044 11
1045 811
1046 812
1047 813
1048 814
1049 815
1050 816
1051 817
1052 818
1053 819
1054 820
1055 821
1056 822
1057 823
1058 824
1059 825
1060 826
1061 827
1062 828
1063 829
1064 830
1065 831
1066 832
1067 833
1068 834
1069 835
1070 836
1071 837
1072 838
1073 839
1074 840
1075 841
1076 842
1077 843
1078 844
1079 845
1080 846
1081 847
1082 848
1083 849
1084 850
1085 851
1086 852
1087 853
1088 854
1089 855
1090 850
1091 856
1092 857
1093 858
1094 859
1095 860
1096 850
1097 823
1098 861
1099 862
1100 863
1101 864
1102 865
1103 866
1104 867
1105 868
1106 869
1107 870
1108 871
1109 839
1110 872
1111 873
1112 874
1113 875
1114 876
1115 877
1116 878
1117 879
1118 880
1119 881
1120 882
1121 883
1122 884
1123 885
1124 886
1125 887
1126 888
1127 889
1128 890
1129 891
1130 892
1131 893
1132 894
1133 895
1134 896
1135 897
1136 898
1137 899
1138 900
1139 901
1140 902
1141 903
1142 904
1143 905
1144 906
1145 907
1146 908
1147 909
1148 910
1149 911
1150 912
1151 913
1152 914
1153 915
1154 916
1155 917
1156 918
1157 919
1158 920
1159 921
1160 922
1161 923
1162 924
1163 925
1164 926
1165 927
1166 928
1167 929
1168 930
1169 931
1170 932
1171 933
1172 934
1173 935
1174 936
1175 937
1176 938
1177 939
1178 940
1179 941
1180 942
1181 943
1182 944
1183 945
1184 946
1185 1
1186 947
1187 948
1188 949
1189 950
1190 951
1191 952
1192 953
1193 954
1194 955
1195 956
1196 957
1197 958
1198 959
1199 960
1200 961
1201 962
1202 963
1203 964
1204 965
1205 966
1206 967
1207 968
1208 969
1209 970
1210 971
1211 972
1212 973
1213 974
1214 975
1215 976
1216 977
1217 978
1218 979
1219 980
1220 981
1221 982
1222 983
1223 984
1224 985
1225 986
1226 987
1227 988
1228 989
1229 990
1230 991
1231 992
1232 993
1233 994
1234 995
1235 996
1236 997
1237 998
1238 999
1239 1000
1240 1001
1241 1002
1242 1003
1243 1004
1244 1005
1245 1006
1246 1007
1247 1008
1248 1009
1249 1010
1250 1011
1251 1012
1252 1013
1253 1014
1254 1015
1255 1016
1256 1017
1257 1018
1258 1019
1259 1020
1260 1020
1261 1021
1262 1020
1263 1022
1264 1023
1265 1024
1266 1025
1267 1026
1268 1027
1269 1028
1270 1029
1271 1030
1272 1031
1273 1032
1274 1033
1275 1034
1276 1035
1277 1036
1278 1037
1279 1038
1280 1039
1281 1040
1282 1041
1283 1042
1284 1043
1285 1044
1286 1039
1287 1045
1288 1046
1289 1047
1290 1048
1291 1049
1292 1050
1293 1051
1294 1052
1295 1053
1296 1054
1297 1055
1298 1056
1299 1057
1300 1058
1301 1059
1302 1060
1303 1061
1304 1062
1305 1063
1306 1064
1307 1065
1308 1066
1309 1067
1310 1068
1311 1069
1312 1070
1313 1071
1314 1072
1315 1073
1316 1074
1317 1075
1318 1076
1319 1077
1320 1078
1321 1079
1322 1080
1323 1081
1324 1082
1325 1083
1326 1084
1327 1085
1328 1086
1329 1087
1330 1088
1331 1089
1332 1090
1333 1091
1334 1092
1335 1093
1336 1094
1337 1095
1338 1096
1339 1097
1340 1098
1341 1099
1342 1090
1343 1100
1344 1101
1345 1102
1346 1103
1347 1091
1348 1091
1349 1104
1350 1105
1351 1106
1352 727
1353 1107
1354 1108
1355 1109
1356 727
1357 1110
1358 1090
1359 1090
1360 1090
1361 1111
1362 1112
1363 1113
1364 1114
1365 1115
1366 1116
1367 1117
1368 1118
1369 1119
1370 1120
1371 1121
1372 1122
1373 1123
1374 1124
1375 1125
1376 1126
1377 1127
1378 1128
1379 1129
1380 1130
1381 1131
1382 1132
1383 1133
1384 1134
1385 1135
1386 1136
1387 1137
1388 1138
1389 1139
1390 1140
1391 1141
1392 1142
1393 1143
1394 1144
1395 1145
1396 1146
1397 1147
1398 1148
1399 1149
1400 1150
1401 1151
1402 1152
1403 1153
1404 1154
1405 1155
1406 1156
1407 1157
1408 1158
1409 1159
1410 1159
1411 1159
1412 1160
1413 1159
1414 1159
1415 1159
1416 1159
1417 1159
1418 1159
1419 1159
1420 1159
1421 1161
1422 1159
1423 1159
1424 1162
1425 1163
1426 1159
1427 1159
1428 1164
1429 1159
1430 1159
1431 1159
1432 1159
1433 1159
1434 1159
1435 1165
1436 1159
1437 1159
1438 1159
1439 1166
1440 1167
1441 1168
1442 1169
1443 1170
1444 1171
1445 1172
1446 1173
1447 1174
1448 1175
1449 1176
1450 1177
1451 1178
1452 1179
1453 1180
1454 1181
1455 1182
1456 1183
1457 1184
1458 1185
1459 1186
1460 1187
1461 1188
1462 1189
1463 1190
1464 1191
1465 1192
1466 1193
1467 1194
1468 1195
1469 1196
1470 1197
1471 1198
1472 1199
1473 1200
1474 1201
1475 1202
1476 1203
1477 1204
1478 1205
1479 1206
1480 1207
1481 1208
1482 1209
1483 1210
1484 1211
1485 1212
1486 1213
1487 1214
1488 1215
1489 1216
1490 1217
1491 1218
1492 1219
1493 1220
1494 1221
1495 1222
1496 1223
1497 1224
1498 1225
1499 1226
1500 1227
1501 1228
1502 1229
1503 1230
1504 1231
1505 1232
1506 1125
1507 1233
1508 1234
1509 1235
1510 1236
1511 1237
1512 1238
1513 1239
1514 1240
1515 1241
1516 1242
1517 1243
1518 1244
1519 1245
1520 1246
1521 1247
1522 1248
1523 1249
1524 1250
1525 1251
1526 1252
1527 1253
1528 1254
1529 1255
1530 1256
1531 1257
1532 1258
1533 1259
1534 1260
1535 1261
1536 1262
1537 1263
1538 1264
1539 1265
1540 1266
1541 1267
1542 1268
1543 1269
1544 1270
1545 1271
1546 1272
1547 1273
1548 1274
1549 1275
1550 1276
1551 1277
1552 1278
1553 1279
1554 1280
1555 1281
1556 1282
1557 1283
1558 1284
1559 1285
1560 1286
1561 1287
1562 1288
1563 1289
1564 1290
1565 1291
1566 1292
1567 1293
1568 1294
1569 1295
1570 1296
1571 1297
1572 1298
1573 1299
1574 1300
1575 1301
1576 1302
1577 1303
1578 1304
1579 1305
1580 1306
1581 1307
1582 1308
1583 1309
1584 1310
1585 1311
1586 1312
1587 1313
1588 1314
1589 1315
1590 1316
1591 1317
1592 1318
1593 1319
1594 1320
1595 1321
1596 1322
1597 1323
1598 1324
1599 1325
1600 1326
1601 1327
1602 1328
1603 1329
1604 1330
1605 1331
1606 1332
1607 1333
1608 1334
1609 1335
1610 1336
1611 1337
1612 1338
1613 1339
1614 1340
1615 1341
1616 1342
1617 1343
1618 1344
1619 1345
1620 1346
1621 1347
1622 1348
1623 1349
1624 1350
1625 105
1626 1351
1627 1352
1628 1353
1629 1354
1630 105
1631 105
1632 105
1633 1355
1634 105
1635 1356
1636 1357
1637 1358
1638 1359
1639 105
1640 105
1641 1360
1642 105
1643 1361
1644 105
1645 1361
1646 1362
1647 105
1648 105
1649 1363
1650 105
1651 105
1652 1364
1653 1365
1654 1366
1655 1367
1656 1096
1657 1096
1658 1096
1659 1096
1660 1368
1661 1369
1662 1370
1663 1371
1664 1372
1665 1373
1666 1374
1667 1375
1668 1376
1669 1377
1670 1378
1671 1379
1672 1380
1673 1381
1674 1382
1675 1383
1676 1384
1677 1385
1678 1386
1679 1387
1680 1388
1681 1389
1682 1390
1683 1391
1684 1392
1685 1393
1686 1394
1687 1395
1688 1396
1689 1397
1690 1398
1691 1399
1692 1400
1693 1401
1694 1402
1695 1403
1696 1404
1697 1405
1698 1406
1699 1407
1700 1408
1701 1409
1702 1410
1703 1411
1704 1412
1705 1413
1706 1414
1707 1415
1708 1416
1709 1417
1710 1418
1711 1419
1712 1420
1713 1421
1714 1422
1715 1423
1716 1424
1717 1424
1718 1424
1719 1425
1720 1424
1721 1426
1722 1427
1723 1428
1724 1429
1725 1430
1726 1431
1727 1432
1728 1433
1729 1434
1730 1435
1731 1436
1732 1437
1733 1438
1734 1439
1735 1440
1736 1441
1737 1442
1738 1443
1739 1444
1740 1445
1741 12
1742 1446
1743 1447
1744 1448
1745 1449
1746 1450
1747 1451
1748 1452
1749 1453
1750 1454
1751 1455
1752 1456
1753 1457
1754 1458
1755 1459
1756 1460
1757 1461
1758 1462
1759 1463
1760 1464
1761 1465
1762 1466
1763 1467
1764 1468
1765 1469
1766 1470
1767 1471
1768 1472
1769 1473
1770 1474
1771 1475
1772 1476
1773 1477
1774 1478
1775 1479
1776 1480
1777 1481
1778 1482
1779 1483
1780 1484
1781 1485
1782 1486
1783 1487
1784 1488
1785 1489
1786 1490
1787 1491
1788 1492
1789 1493
1790 1494
1791 1495
1792 1496
1793 1497
