0 1668 55.07
1 39506 120.2
2 4551 66.23
3 724 23.99
4 1162 89.64
5 13999 107.25
6 2805 49.03
7 459 103.01
8 537 13.82
9 333 61.66
10 10510 59.6
11 16898 8.21
12 38546 8.75
13 28937 130.71
14 16582 88.84
15 5648 79.68
16 946 17.31
17 3478 77.54
18 5505 36.27
19 2963 35.65
20 1745 37.3
21 6753 77.61
22 4587 61.84
23 4061 43.57
24 781 16.04
25 1679 23.98
26 25636 43.09
27 885 12.49
28 1131 34.84
29 7221 26.58
30 1886 74.35
31 277 67.79
32 4042 152.4
33 3232 32.3
34 9 4.41
35 2908 23.5
36 2180 109.67
37 2865 45.61
38 1748 40.41
39 5575 49.3
40 2000 32.14
41 6211 76.29
42 9822 66.8
43 5015 33.18
44 1391 41.26
45 44264 49.18
46 3629 63.64
47 8096 51.13
48 1644 32.89
49 4255 73.86
50 6941 108.18
51 6120 226.24
52 4763 54.2
53 5569 67.07
54 20135 4.09
55 646 52.94
56 19039 8.2
57 436 122.24
58 1658 56.18
59 20467 60.57
60 2315 21.19
61 42986 112.88
62 50666 121.93
63 8370 1.5
64 3540 93.84
65 30389 22.19
66 24931 107.21
67 27007 127.16
68 275 1.48
69 1771 36.8
70 6200 65.82
71 929 32.36
72 2716 35.15
73 38158 140.7
74 17568 6.37
75 5450 108.7
76 365 46.41
77 3641 72.35
78 3950 86.11
79 1076 12.15
80 11096 31.54
81 2149 119.35
82 3889 52.94
83 8906 134.09
84 2271 52.01
85 3789 85.81
86 1266 217.59
87 1206 243.09
88 310 14.44
89 1711 50.36
90 2432 58.18
91 4491 35.22
92 1880 5.54
93 10901 109.01
94 882 43.35
95 1646 46.08
96 126 0.57
97 3984 44.16
98 51128 1.42
99 68853 2.16
100 49262 1.11
101 2056 133.42
102 2424 183.3
103 2197 46.28
104 6218 28.08
105 45100 32.9
106 14125 42.01
107 3083 35.79
108 51 3.59
109 20356 10.59
110 16443 3.95
111 6517 4.71
112 11183 79.95
113 20631 60.87
114 2958 46.06
115 54447 34.72
116 24438 24.67
117 10088 181.08
118 36915 67.02
119 2076 21.93
120 737 6.56
121 867 13.77
122 437 8.04
123 62543 17.04
124 5210 5.51
125 4603 8.72
126 14068 13.49
127 60745 10.92
128 19929 22.14
129 3881 9.75
130 20087 78.01
131 2365 28.33
132 23773 108.49
133 2086 50.89
134 5492 129.45
135 6732 51.11
136 10750 60.06
137 27633 6.66
138 6464 7.5
139 5055 1.12
140 12065 11.48
141 793 0.43
142 12366 4.55
143 2780 0.91
144 53804 11.0
145 40782 4.78
146 28127 6.06
147 19148 2.05
148 7406 1.08
149 12337 3.05
150 25076 12.98
151 10480 1.33
152 22360 3.09
153 9041 5.14
154 5010 2.88
155 22658 4.32
156 39553 6.63
157 12014 3.88
158 32098 10.46
159 4555 8.92
160 45768 6.68
161 42791 5.52
162 10007 10.7
163 6669 1.51
164 737 2.45
165 21288 3.54
166 3430 1.53
167 4673 0.9
168 520 0.59
169 17962 6.67
170 26883 2.23
171 5914 1.96
172 30171 9.99
173 17729 2.34
174 9027 1.66
175 8002 3.52
176 273 19.16
177 2751 82.87
178 1535 50.57
179 687 18.22
180 792 34.16
181 1009 29.97
182 1169 49.46
183 1591 30.9
184 6932 112.7
185 2077 51.0
186 2520 60.81
187 1479 55.88
188 9616 113.57
189 183 10.5
190 3969 45.65
191 5672 74.09
192 396 0.58
193 1807 19.87
194 4252 110.24
195 1896 37.29
196 443 17.74
197 1783 43.45
198 2903 79.15
199 6356 78.78
200 2963 29.61
201 1873 61.58
202 1905 42.43
203 746 17.9
204 1166 55.02
205 1688 63.18
206 667 14.35
207 18775 63.45
208 163 0.21
209 230 3.73
210 1453 0.42
211 667 16.61
212 2747 43.43
213 3651 65.81
214 1766 39.98
215 636 27.27
216 2094 17.43
217 1576 45.81
218 487 18.17
219 151 0.18
220 239 1.99
221 2156 40.67
222 3497 94.33
223 237 2.27
224 2018 46.86
225 2289 43.53
226 7728 70.51
227 3076 67.65
228 2916 75.4
229 948 35.27
230 320 24.92
231 3095 35.17
232 36 0.04
233 1174 24.92
234 4135 1.04
235 2269 68.73
236 980 25.53
237 401 42.29
238 13043 100.57
239 1350 18.69
240 2512 27.78
241 2356 33.51
242 37205 100.77
243 3342 34.13
244 2393 15.31
245 326 0.34
246 8680 48.79
247 2070 74.54
248 6460 162.24
249 3895 52.93
250 6451 70.53
251 6356 62.89
252 460 96.13
253 1531 38.43
254 1926 16.69
255 1809 58.0
256 1610 44.16
257 224 0.46
258 4244 23.73
259 6617 31.94
260 4488 42.46
261 2000 29.97
262 1700 26.61
263 2859 66.0
264 4015 30.83
265 7148 38.53
266 804 18.15
267 1507 34.5
268 509 10.46
269 183 9.9
270 1722 17.17
271 651 2.92
272 17867 87.01
273 124 0.35
274 189 5.18
275 3010 13.36
276 606 2.64
277 7070 21.32
278 1487 1.45
279 1674 11.81
280 1445 19.23
281 2948 16.35
282 680 2.21
283 536 9.79
284 780 7.15
285 3418 39.29
286 1753 17.2
287 198 3.33
288 1381 15.47
289 345 1.15
290 3795 43.12
291 271 4.34
292 2193 14.57
293 435 19.96
294 1073 19.69
295 1113 20.1
296 987 0.6
297 848 14.34
298 5137 19.36
299 817 15.35
300 405 0.44
301 175 3.23
302 338 1.86
303 31 1.04
304 154 1.96
305 1373 17.96
306 1776 28.96
307 1036 43.61
308 173 3.36
309 1634 47.19
310 297 11.13
311 861 15.02
312 339 10.19
313 1097 12.72
314 305 7.83
315 277 2.06
316 613 17.51
317 677 33.9
318 3686 32.02
319 1164 32.73
320 1798 21.89
321 775 21.03
322 3039 45.61
323 2854 45.88
324 9918 57.92
325 2451 13.02
326 576 41.0
327 1833 15.24
328 865 8.39
329 1484 10.82
330 417 15.35
331 250 17.77
332 953 33.17
333 271 38.46
334 497 15.42
335 213 8.58
336 1194 39.68
337 634 33.93
338 2443 54.38
339 10691 37.3
340 10717 18.68
341 7854 43.81
342 5393 39.6
343 2761 37.8
344 10741 67.98
345 974 3.14
346 4431 40.64
347 3086 51.88
348 2101 28.23
349 7192 67.65
350 5726 38.64
351 4249 30.08
352 13976 46.9
353 207 0.34
354 9565 46.81
355 14487 42.1
356 6220 65.96
357 4721 102.76
358 6025 33.4
359 2164 38.84
360 1719 17.22
361 2672 27.13
362 120 0.05
363 4267 35.35
364 1701 1.14
365 8598 43.71
366 234 1.53
367 31426 32.33
368 1039 20.99
369 2398 38.97
370 1351 32.72
371 938 16.73
372 4129 49.22
373 12820 135.43
374 1325 37.36
375 5446 67.53
376 2873 43.2
377 5651 43.69
378 11581 40.79
379 4629 66.17
380 97 1.85
381 749 0.24
382 325 0.35
383 132 1.45
384 1595 11.7
385 50587 42.6
386 41104 31.83
387 6048 23.74
388 915 19.6
389 32298 9.49
390 20844 2.69
391 13328 1.99
392 8176 4.18
393 41356 4.14
394 40113 3.91
395 27273 7.1
396 7556 0.87
397 23821 2.38
398 7823 2.02
399 2653 0.84
400 26034 3.5
401 16272 1.78
402 26646 3.68
403 23616 3.41
404 56435 4.26
405 33048 4.25
406 34496 4.89
407 35321 5.45
408 43341 5.09
409 8690 1.12
410 22666 2.4
411 30574 4.78
412 10549 1.37
413 37280 3.9
414 1398 0.39
415 38132 6.25
416 17 0.06
417 2922 0.07
418 8344 1.22
419 5889 145.46
420 1118 45.58
421 658 42.7
422 766 46.13
423 8830 453.38
424 9760 5.46
425 866 77.39
426 1820 43.61
427 177 4.94
428 331 63.74
429 236 2.95
430 2272 20.14
431 4777 80.73
432 593 56.82
433 877 31.35
434 2267 99.3
435 282 3.21
436 127 2.45
437 220 0.18
438 19 0.04
439 2861 85.07
440 378 1.22
441 2852 17.75
442 1853 62.48
443 1822 17.83
444 271 12.36
445 3176 72.22
446 1719 39.61
447 5457 63.42
448 91 0.31
449 2249 34.9
450 293 0.96
451 1271 3.84
452 160 1.05
453 27 0.27
454 503 19.36
455 2211 107.38
456 1666 65.97
457 3516 193.19
458 3256 44.86
459 4582 108.08
460 1500 75.0
461 2474 46.76
462 797 22.1
463 1304 14.96
464 1635 15.79
465 2890 48.16
466 3201 30.81
467 1363 43.81
468 2143 33.56
469 2222 50.91
470 3784 46.12
471 1410 12.24
472 12606 60.64
473 256 0.57
474 518 0.61
475 944 17.72
476 836 88.8
477 4629 76.3
478 1865 6.07
479 2196 57.59
480 802 6.23
481 8509 61.76
482 697 23.02
483 2438 45.68
484 270 9.23
485 115 7.07
486 207 15.43
487 175 3.24
488 563 11.43
489 228 7.41
490 2018 76.86
491 725 66.91
492 241 0.1
493 9464 65.92
494 12704 47.91
495 2125 23.86
496 4330 52.88
497 31847 33.87
498 104 0.85
499 3039 22.33
500 41937 39.52
501 9392 18.72
502 17329 61.97
503 1618 28.13
504 1166 17.31
505 151 0.31
506 22431 2.78
507 7926 0.91
508 3911 0.83
509 11549 1.03
510 41676 14.94
511 22665 3.43
512 23480 3.21
513 7353 6.97
514 14046 1.28
515 3352 36.07
516 20374 28.27
517 24227 3.8
518 1618 2.64
519 20751 4.85
520 10641 1.91
521 14694 3.21
522 22611 4.04
523 39999 4.92
524 19775 2.86
525 20857 15.86
526 29267 6.91
527 2742 25.7
528 8116 48.16
529 1079 21.26
530 11536 7.03
531 5713 1.16
532 8691 1.8
533 11125 1.38
534 9858 25.87
535 39889 20.26
536 7150 3.46
537 2286 12.33
538 2219 17.29
539 844 8.52
540 1405 32.34
541 8933 26.93
542 29961 41.13
543 23552 3.9
544 24465 2.26
545 6440 13.14
546 349 0.96
547 24742 8.69
548 674 0.75
549 53555 22.99
550 7989 23.21
551 23426 8.64
552 19533 16.34
553 33385 11.83
554 125 0.23
555 85 0.04
556 1751 40.5
557 1281 3.81
558 3168 80.26
559 1952 34.88
560 5124 32.62
561 7930 44.54
562 306 9.52
563 113 1.31
564 1568 30.3
565 1702 8.29
566 814 18.03
567 1172 22.57
568 2268 28.23
569 6262 57.03
570 2037 24.3
571 53606 54.89
572 1835 35.16
573 20555 18.93
574 1948 1.06
575 6246 10.09
576 7349 4.07
577 9628 2.05
578 584 0.73
579 6309 30.59
580 7903 13.09
581 26977 15.79
582 21908 14.69
583 11303 7.93
584 29857 15.4
585 14733 13.74
586 19664 8.83
587 2016 38.88
588 499 19.66
589 60 1.21
590 2818 41.65
591 9050 20.13
592 7851 26.98
593 1506 21.41
594 1632 25.95
595 6277 31.63
596 16918 15.45
597 10121 2.14
598 7896 14.09
599 7164 52.22
600 16395 2.13
601 29952 11.41
602 20702 4.19
603 29343 16.57
604 2620 0.75
605 10158 0.9
606 1916 20.61
607 13897 31.58
608 3031 8.84
609 27582 42.33
610 4271 3.61
611 21482 6.81
612 6489 0.54
613 479 0.18
614 2310 18.0
615 3882 7.17
616 69 0.54
617 160 0.41
618 481 1.58
619 15335 2.25
620 7692 0.71
621 497 0.83
622 5716 1.49
623 14740 29.5
624 444 1.42
625 914 1.1
626 8189 42.88
627 11759 91.51
628 2348 31.57
629 3806 58.72
630 8153 32.95
631 1029 31.16
632 2287 36.22
633 1590 44.95
634 4136 72.19
635 83 0.39
636 4354 63.43
637 2338 60.66
638 1149 26.65
639 1511 42.21
640 2380 40.29
641 4255 35.73
642 9579 23.2
643 3310 79.6
644 6371 110.32
645 3800 20.35
646 3800 13.24
647 18763 39.61
648 977 27.86
649 58 0.84
650 22004 51.15
651 5948 96.87
652 28026 27.05
653 2539 27.73
654 4189 56.5
655 1137 11.59
656 19104 28.96
657 19773 23.22
658 718 10.06
659 2250 33.3
660 3975 89.7
661 105 0.72
662 727 6.02
663 6177 0.71
664 27172 55.12
665 16268 4.12
666 13680 6.7
667 3255 12.6
668 27655 7.48
669 15814 5.54
670 24655 5.47
671 13200 9.18
672 12635 6.17
673 29030 9.1
674 24235 6.9
675 11593 26.68
676 6344 5.79
677 12834 12.79
678 13553 10.26
679 12709 6.85
680 7895 1.7
681 26583 11.32
682 8030 3.55
683 17638 5.33
684 44837 16.19
685 4752 1.69
686 13261 5.0
687 14573 34.54
688 8523 9.85
689 939 3.84
690 1321 2.41
691 1084 1.89
692 1986 2.46
693 6844 27.73
694 2467 5.75
695 151 0.45
696 3285 2.85
697 7263 4.65
698 3589 5.99
699 4990 13.12
700 28506 13.85
701 10401 5.05
702 4056 1.46
703 1565 12.27
704 416 0.65
705 522 0.56
706 1398 8.64
707 35772 15.03
708 18958 7.33
709 15524 11.51
710 21902 15.13
711 14498 9.13
712 45700 6.8
713 40222 8.06
714 19857 2.57
715 27109 4.77
716 28032 6.27
717 15347 4.77
718 19803 13.16
719 67094 23.88
720 16415 3.12
721 14961 4.0
722 30184 8.38
723 29150 9.76
724 42230 25.37
725 9454 3.71
726 6292 2.49
727 3220 3.86
728 26030 5.68
729 10700 8.74
730 137 0.44
731 38421 12.55
732 29189 8.15
733 9506 4.42
734 14712 7.61
735 35177 7.29
736 1223 0.83
737 3103 0.95
738 9531 3.71
739 16821 8.58
740 12387 3.24
741 14530 4.17
742 18511 7.16
743 18949 11.84
744 3345 2.19
745 8968 4.36
746 3165 0.28
747 4637 9.48
748 1123 2.72
749 3326 18.51
750 15398 42.89
751 1343 9.22
752 743 6.47
753 408 2.85
754 494 5.48
755 3304 10.18
756 926 2.24
757 534 2.83
758 1858 9.34
759 6622 13.49
760 4299 4.07
761 5818 11.07
762 635 2.88
763 349 1.27
764 236 4.08
765 60035 2.83
766 30425 1.97
767 14016 0.95
768 17590 1.35
769 18556 1.17
770 25105 1.3
771 38912 3.1
772 184 7.12
773 1806 0.18
774 17823 2.52
775 18540 1.0
776 6988 0.87
777 19168 0.83
778 29987 1.41
779 23593 1.58
780 34882 1.65
781 34555 2.47
782 11916 1.0
783 59129 3.24
784 13532 1.09
785 32687 1.55
786 42252 2.5
787 28606 1.76
788 37546 1.95
789 17949 0.79
790 60809 2.15
791 44354 2.08
792 53687 1.51
793 36256 1.63
794 26148 2.3
795 20408 1.37
796 18884 1.43
797 47211 1.13
798 41047 2.38
799 39150 2.8
800 4534 3.5
801 0 0.001
802 0 0.001
803 19341 0.57
804 4079 2.22
805 85871 1.74
806 42193 3.87
807 41749 4.25
808 40366 0.95
809 47621 1.54
810 78731 2.07
811 78134 1.59
812 86408 1.84
813 75220 1.43
814 56829 0.88
815 54316 0.94
816 39706 3.66
817 24962 1.8
818 85510 13.71
819 55909 7.47
820 19088 1.19
821 32519 6.72
822 59304 7.68
823 26337 3.14
824 0 0.001
825 33336 1.42
826 3089 0.56
827 81677 1.43
828 90117 2.3
829 7135 0.07
830 3011 0.09
831 20300 0.3
832 7853 0.14
833 0 0.001
834 99598 1.79
835 28265 1.28
836 63488 2.18
837 35881 0.75
838 92221 1.48
839 88630 2.18
840 41788 1.47
841 14096 1.96
842 27357 1.97
843 0 0.001
844 87757 7.55
845 84500 1.54
846 93877 3.6
847 93386 2.67
848 67053 1.35
849 49896 0.98
850 76174 2.15
851 80018 2.17
852 79132 2.25
853 78895 1.38
854 62008 1.64
855 98592 3.61
856 63767 1.09
857 67813 2.02
858 15293 1.42
859 40931 1.72
860 37144 1.99
861 42230 3.43
862 54878 2.17
863 66631 2.48
864 97060 2.33
865 39688 1.42
866 23438 1.57
867 58519 2.18
868 36688 1.63
869 0 0.001
870 38615 1.07
871 109931 2.63
872 68733 1.98
873 100820 1.53
874 66636 0.74
875 89830 2.55
876 50502 2.4
877 75784 1.48
878 66358 1.05
879 57311 1.32
880 47308 0.82
881 12281 1.53
882 0 0.001
883 94469 3.46
884 34821 2.07
885 43600 0.93
886 13393 0.57
887 34981 2.55
888 39127 1.29
889 24861 0.67
890 28967 1.12
891 0 0.001
892 37337 1.04
893 39665 0.71
894 86547 1.02
895 70496 1.06
896 67970 1.45
897 79492 1.01
898 76103 1.08
899 36934 1.52
900 25484 2.62
901 38875 0.86
902 34133 0.81
903 101572 1.29
904 38780 0.71
905 27232 0.39
906 6988 0.16
907 27700 0.55
908 31959 0.57
909 24090 0.32
910 50984 0.66
911 21102 0.62
912 9 0.03
913 5229 0.32
914 24711 0.44
915 42870 0.68
916 60998 0.49
917 5199 0.1
918 59283 0.86
919 0 0.001
920 75371 0.98
921 22922 2.58
922 33969 1.4
923 17416 0.26
924 24527 0.46
925 11661 0.24
926 38908 1.13
927 53926 0.6
928 26999 0.28
929 41905 0.38
930 4783 0.09
931 78309 0.92
932 45713 1.01
933 45141 0.31
934 60453 0.47
935 76003 0.83
936 81410 0.88
937 61347 0.62
938 56024 0.58
939 31834 0.39
940 54183 0.53
941 94600 0.75
942 16575 0.32
943 31924 0.44
944 32270 0.39
945 43631 0.39
946 26121 0.18
947 34003 0.33
948 59707 0.87
949 56438 0.65
950 57331 0.66
951 0 0.001
952 0 0.001
953 0 0.001
954 2 0.01
955 0 0.001
956 0 0.001
957 0 0.001
958 0 0.001
959 0 0.001
960 0 0.001
961 0 0.001
962 2 0.01
963 0 0.001
964 0 0.001
965 0 0.001
966 0 0.001
967 3523 0.04
968 2 0.001
969 3 0.01
970 0 0.001
971 1685 0.01
972 0 0.001
973 92 0.02
974 18787 65.84
975 3367 3.62
976 35040 58.45
977 18308 59.5
978 215 0.35
979 3268 15.7
980 1572 3.57
981 1523 3.39
982 388 11.66
983 804 14.27
984 1356 12.52
985 1634 23.89
986 3385 35.69
987 764 18.74
988 497 0.94
989 483 3.82
990 2733 23.78
991 3825 18.02
992 722 2.39
993 1980 23.12
994 763 13.97
995 5061 67.91
996 4851 21.8
997 281 2.11
998 13344 41.23
999 639 0.54
1000 266 2.89
1001 114 6.33
1002 823 43.23
1003 397 41.18
1004 495 6.89
1005 265 9.14
1006 277 5.09
1007 673 6.07
1008 1020 44.14
1009 1988 76.7
1010 1675 8.99
1011 2471 1.04
1012 581 0.32
1013 366 0.49
1014 110 0.52
1015 492 0.61
1016 354 1.23
1017 2891 10.35
1018 5913 14.31
1019 17228 57.35
1020 1494 5.87
1021 3311 23.51
1022 12540 23.71
1023 6602 53.98
1024 1292 6.15
1025 259 3.32
1026 326 9.96
1027 1549 4.98
1028 10753 54.38
1029 363 4.14
1030 2362 32.17
1031 588 0.57
1032 1595 13.54
1033 4566 47.1
1034 11086 19.71
1035 5794 24.43
1036 1117 0.47
1037 5283 42.25
1038 3200 24.63
1039 5882 27.09
1040 1467 24.45
1041 5040 49.5
1042 12817 1.67
1043 5981 2.46
1044 107 0.01
1045 416 141.57
1046 86 197.91
1047 295 239.08
1048 674 176.8
1049 2842 92.79
1050 1403 43.08
1051 15836 210.42
1052 599 30.81
1053 2208 48.48
1054 1157 27.12
1055 929 47.14
1056 1074 58.85
1057 381 30.69
1058 17 0.03
1059 632 52.39
1060 2915 86.16
1061 1428 40.48
1062 1239 65.24
1063 1623 72.06
1064 7494 210.52
1065 2135 41.46
1066 1572 32.73
1067 1044 31.9
1068 1726 31.95
1069 2148 64.94
1070 1369 38.63
1071 1748 98.61
1072 4778 63.57
1073 33439 75.95
1074 2410 33.22
1075 201 6.2
1076 3037 38.41
1077 1929 37.15
1078 2304 3.4
1079 963 50.28
1080 1304 255.79
1081 205 4.14
1082 638 33.21
1083 6364 82.73
1084 4080 90.12
1085 1753 8.94
1086 1236 63.73
1087 1072 55.33
1088 2253 106.0
1089 1998 90.37
1090 158 2.72
1091 1010 147.75
1092 260 38.37
1093 526 12.04
1094 634 36.17
1095 180 4.0
1096 36 0.09
1097 546 28.84
1098 5499 43.01
1099 2381 39.29
1100 423 98.65
1101 3938 1.19
1102 3512 20.22
1103 403 2.61
1104 1148 30.4
1105 1599 8.04
1106 265 2.85
1107 1259 9.01
1108 161 34.5
1109 1217 0.58
1110 5025 79.85
1111 1509 106.9
1112 574 43.95
1113 2028 75.5
1114 59 9.79
1115 605 440.59
1116 366 111.14
1117 150 61.95
1118 108 38.34
1119 498 42.93
1120 1166 189.64
1121 306 22.18
1122 1770 86.95
1123 259 182.18
1124 31 0.31
1125 36 0.21
1126 10980 12.98
1127 4084 29.76
1128 4945 30.12
1129 486 0.5
1130 41776 34.9
1131 6594 86.68
1132 31192 75.2
1133 4610 63.16
1134 17416 67.17
1135 4569 15.65
1136 708 2.59
1137 533 3.59
1138 2835 46.76
1139 4401 35.25
1140 2220 22.02
1141 2603 97.4
1142 627 66.4
1143 4602 71.82
1144 600 58.58
1145 3298 58.16
1146 719 85.58
1147 187 63.59
1148 3663 72.35
1149 7106 80.38
1150 736 21.12
1151 26540 53.1
1152 3528 50.62
1153 9448 46.33
1154 238 4.26
1155 142 21.42
1156 7567 5.92
1157 14707 3.95
1158 13588 32.53
1159 3877 123.35
1160 4842 44.29
1161 608 5.08
1162 1574 45.5
1163 894 15.16
1164 199 2.74
1165 2750 5.55
1166 4972 83.68
1167 857 14.79
1168 385 2.72
1169 403 28.98
1170 77 16.97
1171 609 32.79
1172 871 36.59
1173 269 14.48
1174 748 16.09
1175 2274 53.58
1176 17 2.33
1177 127 1.72
1178 7941 64.66
1179 1989 24.3
1180 4488 52.27
1181 1914 28.15
1182 2027 21.28
1183 1281 35.89
1184 188 0.81
1185 1733 0.04
1186 6382 102.49
1187 5184 78.1
1188 1855 71.36
1189 5610 40.82
1190 30112 106.58
1191 2508 39.11
1192 172 0.47
1193 6735 70.56
1194 2758 96.11
1195 596 13.1
1196 168 0.2
1197 2606 48.53
1198 6423 54.9
1199 1169 28.96
1200 1023 24.82
1201 3631 28.06
1202 3556 61.65
1203 287 0.52
1204 1679 48.46
1205 688 15.2
1206 529 11.91
1207 64 0.18
1208 31637 68.06
1209 1663 37.67
1210 1732 26.18
1211 14491 113.28
1212 1176 18.36
1213 8016 64.11
1214 2288 24.79
1215 2217 29.23
1216 426 9.93
1217 1318 40.4
1218 703 17.02
1219 1537 20.0
1220 1964 30.21
1221 265 1.09
1222 91 0.11
1223 101 1.87
1224 1344 24.86
1225 2285 39.85
1226 3782 35.12
1227 2468 34.02
1228 2941 36.64
1229 11073 50.62
1230 7142 39.3
1231 11415 124.1
1232 4799 50.48
1233 4895 69.92
1234 2883 34.14
1235 833 1.29
1236 655 11.98
1237 173 1.44
1238 5081 74.73
1239 3817 37.23
1240 23306 69.11
1241 8275 58.51
1242 1820 23.77
1243 1986 33.42
1244 1214 14.46
1245 308 5.63
1246 5201 54.17
1247 110 0.17
1248 242 0.21
1249 7524 30.65
1250 19880 14.56
1251 15598 16.22
1252 127 0.45
1253 35102 34.46
1254 3601 17.49
1255 25307 48.6
1256 6191 12.78
1257 7338 40.62
1258 7699 21.51
1259 43398 18.81
1260 42810 32.33
1261 7802 34.11
1262 586 0.1
1263 4275 24.06
1264 9826 33.04
1265 5172 37.33
1266 1486 18.7
1267 2457 30.57
1268 14578 26.38
1269 2938 26.65
1270 4402 21.56
1271 2246 40.43
1272 2411 15.65
1273 9123 50.56
1274 885 4.92
1275 329 0.5
1276 167 1.39
1277 1395 1.47
1278 147 0.16
1279 3826 33.23
1280 63886 125.96
1281 173 0.18
1282 5368 51.13
1283 85 0.06
1284 37 0.02
1285 192 1.23
1286 2755 0.24
1287 5790 16.35
1288 16638 19.19
1289 11946 12.82
1290 12810 13.76
1291 31796 13.78
1292 5116 22.5
1293 10739 25.63
1294 1268 3.45
1295 6767 13.5
1296 4421 20.8
1297 6408 7.31
1298 1277 1.12
1299 7987 16.28
1300 1219 1.4
1301 28647 26.49
1302 1809 3.29
1303 2282 2.0
1304 555 0.45
1305 23570 4.37
1306 2246 1.47
1307 2416 1.08
1308 7647 5.07
1309 3487 2.34
1310 1729 0.62
1311 9988 9.92
1312 8675 32.77
1313 908 2.44
1314 539 0.33
1315 4737 20.85
1316 968 3.34
1317 8475 8.0
1318 681 1.58
1319 26339 24.89
1320 851 0.65
1321 19507 36.1
1322 316 0.74
1323 8084 22.82
1324 25590 54.56
1325 5289 31.51
1326 17208 8.48
1327 38352 5.48
1328 16597 3.59
1329 12280 3.83
1330 11250 6.81
1331 6552 6.72
1332 18126 5.08
1333 18414 1.73
1334 8679 2.89
1335 10875 2.43
1336 7322 3.56
1337 22540 9.89
1338 63393 4.22
1339 12680 6.52
1340 108 0.01
1341 5487 2.12
1342 6824 2.22
1343 7444 3.61
1344 8195 5.97
1345 4931 1.87
1346 141 0.13
1347 40827 3.42
1348 14146 4.33
1349 38982 12.36
1350 12435 2.19
1351 12604 3.83
1352 19786 1.66
1353 21225 3.08
1354 9292 1.36
1355 10097 1.3
1356 10170 0.69
1357 5117 2.5
1358 16499 1.51
1359 17045 3.29
1360 11376 0.63
1361 1446 5.09
1362 2460 8.58
1363 1838 9.59
1364 942 14.27
1365 1714 13.95
1366 11324 57.51
1367 94 2.26
1368 764 52.76
1369 1054 3.42
1370 2312 23.83
1371 1910 35.8
1372 1649 6.19
1373 4518 44.4
1374 6627 25.36
1375 48418 64.89
1376 1024 16.67
1377 2297 10.48
1378 1874 22.2
1379 320 6.56
1380 307 4.27
1381 158 0.28
1382 253 4.94
1383 181 2.15
1384 296 4.5
1385 245 7.56
1386 482 42.32
1387 118 6.09
1388 126 2.96
1389 1802 59.48
1390 1162 29.28
1391 1826 31.65
1392 178 1.61
1393 351 8.25
1394 187 4.25
1395 242 1.73
1396 665 14.96
1397 1207 17.23
1398 786 25.07
1399 452 3.51
1400 172 12.85
1401 335 3.39
1402 512 6.34
1403 633 5.71
1404 1668 33.25
1405 389 8.19
1406 300 2.94
1407 19804 16.73
1408 17813 53.08
1409 34515 17.08
1410 30041 13.62
1411 28534 5.94
1412 18057 42.52
1413 16099 5.79
1414 10387 7.64
1415 12108 4.61
1416 42571 7.25
1417 22789 7.68
1418 33802 4.12
1419 14730 1.83
1420 27173 19.08
1421 4695 34.16
1422 28255 9.72
1423 17396 2.89
1424 10256 11.15
1425 3152 25.17
1426 36296 27.93
1427 14233 4.35
1428 9105 10.77
1429 22920 9.66
1430 12268 1.74
1431 12610 1.81
1432 1224 0.24
1433 16223 1.68
1434 1743 0.37
1435 8019 1.9
1436 25141 4.48
1437 14749 1.46
1438 2320 0.15
1439 1325 2.88
1440 6389 3.75
1441 497 2.31
1442 2726 83.3
1443 11299 127.69
1444 16452 102.27
1445 2461 66.65
1446 1244 35.14
1447 1868 55.35
1448 479 134.42
1449 602 124.7
1450 1525 48.01
1451 345 19.81
1452 897 33.8
1453 1815 66.47
1454 1131 157.89
1455 357 8.97
1456 399 0.98
1457 93 0.2
1458 3329 36.75
1459 16646 159.51
1460 1891 53.78
1461 2357 78.71
1462 2281 65.52
1463 87 1.86
1464 516 9.54
1465 69 0.09
1466 1223 37.61
1467 3181 49.6
1468 650 27.21
1469 1507 22.35
1470 211 0.79
1471 846 51.64
1472 430 72.68
1473 187 35.69
1474 266 39.11
1475 224 110.6
1476 243 19.38
1477 1092 55.58
1478 65 43.97
1479 49 0.4
1480 134 17.0
1481 3395 37.12
1482 4539 3.89
1483 47226 36.4
1484 3122 18.65
1485 896 3.15
1486 281 5.88
1487 1267 11.22
1488 234 0.15
1489 4135 8.11
1490 21 2.08
1491 11647 32.92
1492 14511 34.62
1493 1968 3.72
1494 3203 5.18
1495 8958 13.88
1496 13120 38.34
1497 2 1.04
1498 4175 5.44
1499 1559 2.27
1500 3001 11.48
1501 2258 9.89
1502 9621 11.09
1503 2029 5.87
1504 3291 22.87
1505 6756 3.24
1506 13779 32.03
1507 4540 20.2
1508 5870 9.88
1509 414 2.44
1510 10201 38.81
1511 3109 3.95
1512 252 1.1
1513 937 14.18
1514 2126 8.39
1515 473 1.09
1516 4298 12.67
1517 119 0.14
1518 1040 4.12
1519 60 0.15
1520 58 0.26
1521 8554 4.18
1522 9293 4.93
1523 15093 4.19
1524 2353 0.58
1525 1472 2.47
1526 2258 1.15
1527 5950 5.86
1528 5532 2.04
1529 5532 4.13
1530 11910 1.97
1531 7085 6.11
1532 31521 16.17
1533 4769 1.16
1534 23045 6.88
1535 8732 1.97
1536 13383 24.38
1537 9993 13.77
1538 59048 11.1
1539 2842 1.6
1540 1023 6.41
1541 3152 9.32
1542 38917 9.13
1543 14791 5.25
1544 23465 18.0
1545 1974 10.8
1546 751 13.77
1547 5848 93.72
1548 2233 67.03
1549 1162 44.16
1550 554 39.57
1551 1977 56.91
1552 98 4.18
1553 5561 95.39
1554 1419 49.1
1555 165 7.94
1556 1590 38.15
1557 3264 68.46
1558 1149 40.03
1559 77 1.98
1560 1132 44.17
1561 1469 36.97
1562 790 18.5
1563 782 48.52
1564 1199 23.81
1565 1920 38.51
1566 22455 107.3
1567 62 1.7
1568 451 9.73
1569 824 28.32
1570 4429 71.5
1571 104 2.38
1572 1236 22.31
1573 1888 54.42
1574 513 5.69
1575 182 0.48
1576 1517 30.08
1577 5216 90.73
1578 4409 10.3
1579 695 12.49
1580 3442 56.54
1581 991 35.32
1582 464 15.51
1583 1398 68.55
1584 5042 110.49
1585 1045 22.15
1586 1092 26.92
1587 118 0.35
1588 663 20.45
1589 534 18.64
1590 432 4.41
1591 953 40.27
1592 205 3.1
1593 1045 37.2
1594 1631 53.09
1595 305 8.13
1596 189 1.97
1597 94 0.92
1598 1189 38.35
1599 709 27.73
1600 2460 49.18
1601 1123 47.05
1602 6596 185.09
1603 755 36.71
1604 1405 39.75
1605 124 4.69
1606 391 15.2
1607 2670 114.28
1608 613 45.88
1609 201 2.84
1610 1228 57.5
1611 67 3.26
1612 470 19.61
1613 59 0.44
1614 161 7.61
1615 2328 17.1
1616 4409 43.01
1617 2338 24.57
1618 150 0.47
1619 1898 34.77
1620 1174 18.7
1621 6175 29.17
1622 15567 47.25
1623 8617 74.79
1624 9866 38.92
1625 15245 33.94
1626 399 0.89
1627 153 0.24
1628 61 0.04
1629 2806 15.99
1630 13897 3.09
1631 19201 3.45
1632 15363 4.96
1633 15551 24.3
1634 13243 12.72
1635 14992 27.85
1636 4871 23.57
1637 8897 40.92
1638 12390 14.97
1639 8891 2.98
1640 8793 3.66
1641 3457 1.32
1642 27606 4.57
1643 22156 7.96
1644 22854 4.17
1645 30124 15.06
1646 2338 10.73
1647 19931 4.41
1648 5438 1.0
1649 1973 20.25
1650 16029 1.7
1651 0 0.001
1652 10705 18.26
1653 17537 22.6
1654 7109 17.72
1655 3892 13.32
1656 38777 2.21
1657 20301 1.76
1658 25120 4.58
1659 30165 2.67
1660 5033 23.15
1661 40730 92.38
1662 2088 53.35
1663 2540 74.3
1664 3540 48.36
1665 1431 26.05
1666 1295 43.24
1667 3329 72.34
1668 2401 54.95
1669 3833 27.72
1670 211 2.24
1671 675 0.25
1672 2163 32.98
1673 14870 50.42
1674 4426 11.1
1675 119 1.03
1676 15072 23.3
1677 3342 26.03
1678 314 0.22
1679 2537 54.04
1680 282 5.23
1681 2225 72.61
1682 1033 28.95
1683 3104 12.4
1684 919 9.12
1685 5121 42.01
1686 3487 46.19
1687 110 0.14
1688 153 0.33
1689 1031 26.8
1690 169 0.25
1691 2448 73.89
1692 2216 60.83
1693 250 2.32
1694 3061 58.85
1695 6 0.02
1696 3754 77.55
1697 12356 120.79
1698 19850 89.87
1699 3314 54.26
1700 9821 61.3
1701 2398 43.12
1702 2552 55.73
1703 215 0.38
1704 591 3.37
1705 67 0.39
1706 1931 8.61
1707 5456 57.17
1708 1100 27.66
1709 1378 20.16
1710 2607 19.94
1711 678 22.67
1712 20453 79.83
1713 1307 12.45
1714 605 6.43
1715 4149 52.17
1716 7567 20.86
1717 16269 5.62
1718 16736 37.37
1719 1454 11.28
1720 9070 4.17
1721 1404 34.22
1722 1956 36.03
1723 520 3.85
1724 919 16.87
1725 1598 36.12
1726 5475 108.65
1727 733 41.26
1728 1734 58.38
1729 873 42.04
1730 956 28.01
1731 784 30.74
1732 793 44.05
1733 191 0.09
1734 826 43.05
1735 5453 54.29
1736 8205 57.87
1737 526 2.25
1738 1325 25.38
1739 3532 53.75
1740 28 0.02
1741 33257 53.76
1742 3342 52.08
1743 7372 26.71
1744 16135 19.89
1745 4164 28.07
1746 847 4.02
1747 11596 15.08
1748 2725 11.15
1749 3305 1.3
1750 2144 0.87
1751 905 29.11
1752 1534 25.39
1753 11323 38.04
1754 1267 15.86
1755 102 0.18
1756 1049 0.81
1757 98 2.44
1758 314 17.51
1759 815 29.45
1760 1684 17.39
1761 243 2.96
1762 443 3.88
1763 255 5.22
1764 2069 36.86
1765 65 0.17
1766 10093 30.42
1767 725 10.91
1768 286 0.21
1769 1079 0.89
1770 4280 37.62
1771 2374 34.48
1772 624 7.58
1773 1970 25.54
1774 12790 81.52
1775 60 0.28
1776 119 0.08
1777 3083 2.32
1778 1452 20.25
1779 1040 25.99
1780 6735 37.81
1781 1374 29.09
1782 176 2.55
1783 1153 35.39
1784 3625 38.65
1785 3032 21.36
1786 1361 11.83
1787 256 6.92
1788 1582 22.1
1789 339 0.53
1790 314 2.37
1791 695 0.55
1792 385 1.76
1793 189 80.67
