0 0
1 1
2 2
3 3
4 4
5 5
6 6
7 7
8 8
9 9
10 10
11 11
12 12
13 13
14 14
15 15
16 16
17 17
18 18
19 19
20 15
21 15
22 20
23 21
24 22
25 23
26 24
27 23
28 25
29 26
30 27
31 28
32 29
33 30
34 31
35 31
36 31
37 32
38 33
39 34
40 35
41 35
42 35
43 36
44 37
45 38
46 39
47 40
48 41
49 42
50 36
51 43
52 44
53 45
54 45
55 46
56 47
57 48
58 49
59 50
60 51
61 52
62 53
63 54
64 55
65 56
66 56
67 57
68 58
69 59
70 60
71 35
72 61
73 62
74 63
75 64
76 65
77 66
78 67
79 68
80 69
81 70
82 71
83 72
84 73
85 74
86 1
87 75
88 76
89 77
90 78
91 79
92 80
93 81
94 82
95 83
96 84
97 85
98 86
99 87
100 88
101 89
102 90
103 91
104 92
105 93
106 94
107 95
108 96
109 97
110 97
111 98
112 99
113 100
114 10
115 101
116 102
117 103
118 104
119 105
120 106
121 107
122 108
123 109
124 110
125 111
126 112
127 113
128 31
129 114
130 31
131 31
132 115
133 116
134 117
135 35
136 35
137 35
138 35
139 88
140 118
141 119
142 120
143 121
144 122
145 123
146 124
147 125
148 126
149 127
150 128
151 129
152 130
153 131
154 132
155 133
156 134
157 135
158 93
159 136
160 137
161 138
162 139
163 140
164 141
165 142
166 143
167 144
168 145
169 146
170 147
171 116
172 148
173 149
174 150
175 151
176 116
177 152
178 153
179 154
180 155
181 156
182 157
183 158
184 159
185 157
186 159
187 160
188 161
189 162
190 163
191 164
192 165
193 166
194 167
195 168
196 169
197 170
198 171
199 172
200 173
201 174
202 175
203 176
204 177
205 178
206 179
207 180
208 181
209 182
210 183
211 184
212 185
213 186
214 187
215 188
216 189
217 190
218 191
219 192
220 193
221 194
222 195
223 195
224 196
225 197
226 198
227 199
228 200
229 201
230 102
231 202
232 203
233 204
234 205
235 206
236 207
237 208
238 209
239 210
240 211
241 212
242 213
243 214
244 215
245 216
246 217
247 218
248 219
249 220
250 221
251 222
252 223
253 218
254 218
255 224
256 225
257 226
258 227
259 228
260 229
261 230
262 231
263 232
264 233
265 233
266 31
267 234
268 235
269 31
270 236
271 237
272 238
273 239
274 240
275 241
276 242
277 243
278 244
279 245
280 246
281 247
282 248
283 248
284 249
285 250
286 116
287 116
288 116
289 251
290 116
291 116
292 116
293 116
294 116
295 116
296 116
297 116
298 116
299 116
300 116
301 116
302 116
303 116
304 252
305 116
306 116
307 253
308 254
309 255
310 255
311 255
312 255
313 256
314 257
315 258
316 259
317 260
318 116
319 116
320 116
321 261
322 262
323 263
324 135
325 264
326 265
327 266
328 119
329 267
330 268
331 119
332 269
333 270
334 271
335 272
336 273
337 274
338 275
339 276
340 277
341 278
342 279
343 280
344 48
345 281
346 282
347 283
348 284
349 285
350 286
351 287
352 288
353 289
354 290
355 93
356 291
357 292
358 293
359 294
360 295
361 296
362 297
363 298
364 35
365 299
366 300
367 301
368 302
369 303
370 304
371 305
372 306
373 307
374 308
375 309
376 310
377 311
378 312
379 313
380 314
381 34
382 315
383 316
384 317
385 318
386 319
387 320
388 321
389 322
390 323
391 324
392 325
393 326
394 327
395 328
396 328
397 329
398 330
399 331
400 332
401 333
402 334
403 335
404 336
405 337
406 338
407 328
408 339
409 340
410 341
411 342
412 343
413 344
414 345
415 346
416 347
417 348
418 349
419 350
420 351
421 51
422 352
423 353
424 354
425 223
426 223
427 223
428 355
429 355
430 223
431 356
432 223
433 357
434 76
435 76
436 358
437 359
438 360
439 361
440 362
441 363
442 364
443 365
444 366
445 367
446 368
447 369
448 370
449 371
450 372
451 373
452 374
453 375
454 376
455 377
456 378
457 379
458 380
459 381
460 382
461 383
462 384
463 385
464 386
465 387
466 388
467 389
468 390
469 391
470 392
471 393
472 394
473 395
474 396
475 397
476 398
477 399
478 400
479 401
480 402
481 403
482 404
483 405
484 406
485 407
486 408
487 402
488 31
489 31
490 31
491 409
492 410
493 411
494 31
495 412
496 31
497 413
498 414
499 31
500 415
501 414
502 411
503 416
504 31
505 402
506 31
507 31
508 31
509 31
510 31
511 31
512 31
513 31
514 31
515 31
516 31
517 31
518 31
519 417
520 418
521 295
522 419
523 295
524 420
525 421
526 295
527 422
528 423
529 420
530 261
531 424
532 425
533 420
534 420
535 426
536 427
537 428
538 429
539 430
540 431
541 428
542 432
543 433
544 434
545 435
546 436
547 78
548 78
549 437
550 438
551 439
552 78
553 440
554 441
555 78
556 442
557 85
558 443
559 444
560 445
561 446
562 447
563 448
564 449
565 450
566 451
567 452
568 453
569 454
570 455
571 456
572 457
573 458
574 459
575 460
576 461
577 462
578 463
579 449
580 464
581 465
582 466
583 467
584 468
585 469
586 470
587 471
588 472
589 473
590 474
591 475
592 476
593 477
594 478
595 478
596 479
597 480
598 481
599 482
600 483
601 484
602 485
603 486
604 487
605 488
606 489
607 489
608 489
609 489
610 490
611 491
612 492
613 493
614 494
615 495
616 496
617 497
618 498
619 499
620 496
621 496
622 496
623 496
624 496
625 496
626 500
627 501
628 502
629 503
630 504
631 505
632 506
633 507
634 508
635 509
636 510
637 511
638 512
639 513
640 514
641 515
642 516
643 517
644 518
645 519
646 520
647 521
648 522
649 523
650 524
651 525
652 526
653 36
654 527
655 528
656 529
657 530
658 531
659 532
660 533
661 534
662 535
663 536
664 537
665 538
666 539
667 540
668 541
669 542
670 543
671 544
672 545
673 36
674 546
675 547
676 548
677 549
678 550
679 551
680 552
681 553
682 554
683 555
684 556
685 557
686 558
687 559
688 560
689 561
690 562
691 563
692 564
693 565
694 566
695 567
696 568
697 569
698 570
699 571
700 572
701 573
702 574
703 575
704 576
705 577
706 578
707 579
708 580
709 581
710 582
711 583
712 584
713 585
714 1
715 586
716 587
717 588
718 589
719 590
720 591
721 74
722 592
723 74
724 74
725 593
726 594
727 74
728 595
729 74
730 74
731 596
732 597
733 598
734 598
735 599
736 600
737 601
738 601
739 602
740 152
741 597
742 152
743 597
744 598
745 597
746 603
747 597
748 604
749 605
750 606
751 607
752 608
753 609
754 610
755 609
756 604
757 604
758 611
759 609
760 612
761 102
762 102
763 613
764 614
765 615
766 616
767 617
768 618
769 619
770 620
771 621
772 622
773 135
774 623
775 624
776 625
777 625
778 625
779 626
780 627
781 625
782 625
783 625
784 628
785 628
786 628
787 628
788 628
789 629
790 625
791 625
792 603
793 625
794 630
795 631
796 632
797 633
798 634
799 635
800 636
801 5
802 637
803 638
804 324
805 639
806 640
807 641
808 157
809 157
810 642
811 643
812 644
813 645
814 643
815 634
816 636
817 646
818 647
819 643
820 643
821 648
822 649
823 650
824 649
825 651
826 638
827 652
828 653
829 654
830 324
831 655
832 656
833 159
834 657
835 159
836 159
837 159
838 159
839 159
840 159
841 159
842 159
843 159
844 159
845 658
846 159
847 659
848 660
849 661
850 159
851 662
852 663
853 664
854 665
855 666
856 159
857 159
858 159
859 667
860 668
861 669
862 670
863 671
864 672
865 673
866 674
867 675
868 676
869 677
870 678
871 679
872 352
873 352
874 680
875 261
876 261
877 261
878 261
879 261
880 261
881 261
882 261
883 261
884 261
885 261
886 261
887 261
888 261
889 261
890 261
891 261
892 261
893 261
894 261
895 261
896 261
897 261
898 261
899 261
900 261
901 624
902 681
903 624
904 682
905 683
906 684
907 624
908 684
909 624
910 685
911 686
912 687
913 688
914 689
915 603
916 624
917 690
918 681
919 691
920 692
921 693
922 692
923 694
924 695
925 696
926 273
927 697
928 693
929 698
930 699
931 700
932 692
933 701
934 692
935 702
936 702
937 692
938 702
939 692
940 698
941 692
942 698
943 692
944 692
945 692
946 692
947 692
948 692
949 692
950 692
951 692
952 692
953 692
954 692
955 692
956 692
957 692
958 692
959 692
960 692
961 703
962 704
963 692
964 635
965 692
966 705
967 692
968 116
969 116
970 706
971 707
972 708
973 709
974 710
975 711
976 712
977 713
978 711
979 710
980 714
981 116
982 713
983 712
984 116
985 116
986 715
987 716
988 116
989 714
990 714
991 714
992 717
993 718
994 719
995 712
996 34
997 711
998 711
999 720
1000 721
1001 722
1002 723
1003 724
1004 725
1005 725
1006 726
1007 116
1008 116
1009 116
1010 116
1011 116
1012 727
1013 728
1014 729
1015 727
1016 730
1017 729
1018 116
1019 731
1020 732
1021 733
1022 734
1023 735
1024 725
1025 725
1026 725
1027 736
1028 48
1029 737
1030 738
1031 737
1032 48
1033 48
1034 48
1035 48
1036 739
1037 740
1038 741
1039 742
1040 743
1041 744
1042 745
1043 746
1044 747
1045 748
1046 749
1047 750
1048 751
1049 752
1050 35
1051 35
1052 749
1053 753
1054 262
1055 35
1056 754
1057 755
1058 756
1059 757
1060 73
1061 73
1062 73
1063 758
1064 759
1065 760
1066 69
1067 761
1068 762
1069 763
1070 764
1071 765
1072 766
1073 69
1074 767
1075 767
1076 768
1077 769
1078 770
1079 771
1080 772
1081 773
1082 774
1083 775
1084 776
1085 777
1086 778
1087 779
1088 780
1089 781
1090 782
1091 783
1092 784
1093 785
1094 786
1095 787
1096 788
1097 789
1098 787
1099 790
1100 791
1101 789
1102 312
1103 792
1104 308
1105 28
1106 793
1107 28
1108 794
1109 27
1110 28
1111 28
1112 28
1113 230
1114 795
1115 795
1116 28
1117 796
1118 28
1119 27
1120 797
1121 793
1122 308
1123 798
1124 27
1125 27
1126 799
1127 798
1128 798
1129 233
1130 800
1131 788
1132 801
1133 802
1134 803
1135 804
1136 805
1137 806
1138 803
1139 803
1140 806
1141 233
1142 807
1143 808
1144 809
1145 810
1146 811
1147 810
1148 812
1149 813
1150 814
1151 815
1152 302
1153 708
1154 814
1155 816
1156 76
1157 812
1158 817
1159 355
1160 818
1161 302
1162 358
1163 355
1164 819
1165 358
1166 76
1167 355
1168 358
1169 302
1170 356
1171 76
1172 76
1173 357
1174 820
1175 820
1176 76
1177 76
1178 820
1179 821
1180 822
1181 820
1182 823
1183 824
1184 825
1185 826
1186 827
1187 828
1188 829
1189 830
1190 831
1191 832
1192 832
1193 833
1194 832
1195 302
1196 832
1197 102
1198 834
1199 834
1200 830
1201 302
1202 358
1203 218
1204 835
1205 302
1206 102
1207 836
1208 837
1209 838
1210 838
1211 839
1212 838
1213 840
1214 841
1215 842
1216 843
1217 844
1218 838
1219 845
1220 846
1221 847
1222 848
1223 274
1224 849
1225 848
1226 848
1227 848
1228 850
1229 849
1230 851
1231 852
1232 853
1233 854
1234 855
1235 856
1236 857
1237 858
1238 859
1239 860
1240 861
1241 862
1242 863
1243 864
1244 865
1245 866
1246 867
1247 868
1248 869
1249 870
1250 871
1251 872
1252 873
1253 874
1254 875
1255 876
1256 877
1257 878
1258 879
1259 859
1260 880
1261 881
1262 21
1263 882
1264 883
1265 884
1266 885
1267 886
1268 887
1269 886
1270 888
1271 889
1272 890
1273 886
1274 891
1275 603
1276 79
1277 891
1278 892
1279 893
1280 102
1281 894
1282 895
1283 896
1284 895
1285 897
1286 894
1287 894
1288 895
1289 21
1290 898
1291 899
1292 689
1293 900
1294 901
1295 901
1296 902
1297 896
1298 300
1299 300
1300 300
1301 903
1302 904
1303 904
1304 903
1305 199
1306 905
1307 906
1308 907
1309 300
1310 21
1311 908
1312 603
1313 909
1314 79
1315 22
1316 910
1317 911
1318 912
1319 603
1320 913
1321 914
1322 300
1323 915
1324 199
1325 603
1326 603
1327 603
1328 603
1329 916
1330 603
1331 603
1332 917
1333 918
1334 603
1335 603
1336 919
1337 920
1338 921
1339 922
1340 923
1341 924
1342 925
1343 926
1344 927
1345 928
1346 603
1347 603
1348 603
1349 929
1350 22
1351 930
1352 931
1353 22
1354 932
1355 933
1356 934
1357 935
1358 285
1359 906
1360 920
1361 909
1362 936
1363 936
1364 603
1365 937
1366 937
1367 938
1368 938
1369 603
1370 603
1371 603
1372 603
1373 938
1374 603
1375 603
1376 603
1377 603
1378 939
1379 909
1380 290
1381 938
1382 938
1383 603
1384 940
1385 603
1386 941
1387 942
1388 943
1389 944
1390 945
1391 946
1392 947
1393 633
1394 948
1395 949
1396 950
1397 950
1398 649
1399 951
1400 324
1401 947
1402 952
1403 952
1404 952
1405 953
1406 950
1407 950
1408 954
1409 955
1410 952
1411 955
1412 956
1413 324
1414 649
1415 324
1416 649
1417 324
1418 955
1419 324
1420 324
1421 649
1422 649
1423 324
1424 324
1425 153
1426 649
1427 649
1428 324
1429 957
1430 958
1431 958
1432 959
1433 960
1434 961
1435 962
1436 963
1437 93
1438 964
1439 56
1440 961
1441 965
1442 966
1443 967
1444 123
1445 283
1446 283
1447 283
1448 283
1449 968
1450 969
1451 970
1452 971
1453 972
1454 973
1455 974
1456 283
1457 975
1458 976
1459 977
1460 978
1461 979
1462 980
1463 981
1464 982
1465 983
1466 984
1467 985
1468 986
1469 987
1470 988
1471 989
1472 990
1473 991
1474 992
1475 993
1476 994
1477 995
1478 996
1479 995
1480 997
1481 998
1482 999
1483 222
1484 1000
1485 999
1486 1001
1487 1002
1488 999
1489 1003
1490 1004
1491 1005
1492 1006
1493 1007
1494 1008
1495 1009
1496 1010
1497 1011
1498 1012
1499 1013
1500 1014
1501 1015
1502 1016
1503 1017
1504 1018
1505 1019
1506 1020
1507 1021
1508 1022
1509 1023
1510 1024
1511 1019
1512 1025
1513 1026
1514 1027
1515 1028
1516 1029
1517 1030
1518 1031
1519 1032
1520 1033
1521 995
1522 1034
1523 1035
1524 1036
1525 1037
1526 1038
1527 1018
1528 1039
1529 1040
1530 324
1531 324
1532 273
1533 691
1534 695
1535 695
1536 691
1537 273
1538 695
1539 698
1540 1041
1541 1042
1542 1043
1543 1044
1544 1042
1545 1045
1546 1046
1547 1047
1548 1048
1549 1049
1550 1050
1551 1051
1552 237
1553 1052
1554 1053
1555 294
1556 1054
1557 1055
1558 1056
1559 10
1560 10
1561 10
1562 10
1563 10
1564 10
1565 10
1566 10
1567 1057
1568 1058
1569 1059
1570 10
1571 1060
1572 1061
1573 1062
1574 1063
1575 1064
1576 1065
1577 1066
1578 1067
1579 1068
1580 1069
1581 1070
1582 1071
1583 1072
1584 1073
1585 1074
1586 1075
1587 1076
1588 1074
1589 1074
1590 1077
1591 1078
1592 1079
1593 1080
1594 1081
1595 1082
1596 1083
1597 1084
1598 102
1599 603
1600 603
1601 603
1602 603
1603 603
1604 603
1605 603
1606 603
1607 603
1608 603
1609 603
1610 603
1611 603
1612 603
1613 603
1614 603
1615 603
1616 603
1617 603
1618 603
1619 1085
1620 603
1621 603
1622 603
1623 603
1624 603
1625 603
1626 603
1627 603
1628 1086
1629 603
1630 603
1631 603
1632 603
1633 603
1634 603
1635 935
1636 913
1637 603
1638 603
1639 603
1640 630
1641 1087
1642 630
1643 1088
1644 1089
1645 1088
1646 1090
1647 1090
1648 1089
1649 1091
1650 630
1651 1092
1652 1093
1653 1088
1654 1094
1655 935
1656 1095
1657 1096
1658 1097
1659 1098
1660 1099
1661 1095
1662 1088
1663 1100
1664 1095
1665 1101
1666 1102
1667 1103
1668 1104
1669 1105
1670 1106
1671 1107
1672 1108
1673 1109
1674 1110
1675 1111
1676 1112
1677 1113
1678 1114
1679 1115
1680 1116
1681 1117
1682 1118
1683 1119
1684 1120
1685 1121
1686 1122
1687 1123
1688 1124
1689 1125
1690 1126
1691 1127
1692 1128
1693 1128
1694 1129
1695 1130
1696 1131
1697 1132
1698 1133
1699 1134
1700 1135
1701 1136
1702 288
1703 381
1704 102
1705 1137
1706 102
1707 102
1708 102
1709 102
1710 22
1711 22
1712 1138
1713 1139
1714 1140
1715 1141
1716 1142
1717 1143
1718 1143
1719 1144
1720 1144
1721 1145
1722 1146
1723 1143
1724 1147
1725 1148
1726 1149
1727 1150
1728 1150
1729 1151
1730 1152
1731 1153
1732 1154
1733 1155
1734 1156
1735 800
1736 1157
1737 1158
1738 1159
1739 1159
1740 1159
1741 1160
1742 1157
1743 593
1744 1161
1745 1162
1746 1157
1747 1157
1748 248
1749 1163
1750 1163
1751 80
1752 1164
1753 1165
1754 1166
1755 1167
1756 1168
1757 1169
1758 1170
1759 1171
1760 1172
1761 1173
1762 1174
1763 1175
1764 1176
1765 1177
1766 1178
1767 241
1768 1179
