0 957 210.65
1 36511 137.55
2 2277 68.44
3 24528 195.17
4 15493 305.67
5 62439 16.43
6 8857 310.53
7 604 305.87
8 4176 679.52
9 55659 141.89
10 52447 316.01
11 19582 90.6
12 3747 102.84
13 11256 83.72
14 2197 197.86
15 37743 270.51
16 674 140.69
17 3171 124.52
18 11661 114.85
19 23833 272.21
20 49068 94.82
21 11908 195.6
22 33249 25.23
23 74929 196.17
24 32102 4.45
25 66830 355.76
26 1369 368.88
27 27184 36.65
28 5970 101.17
29 1725 125.7
30 30991 27.68
31 20970 5.7
32 1661 158.18
33 4734 131.33
34 315 18.05
35 36628 11.52
36 11924 8.27
37 472 4.17
38 31894 248.38
39 57767 11.14
40 27884 56.86
41 23224 94.68
42 65004 144.92
43 44461 237.55
44 811 136.57
45 18424 52.6
46 798 434.92
47 2227 476.29
48 2407 455.53
49 1139 309.53
50 33865 87.95
51 166 207.05
52 304 179.37
53 36067 85.52
54 40593 40.73
55 2747 329.07
56 697 539.72
57 31668 120.33
58 10718 113.75
59 26079 106.08
60 75004 445.0
61 3736 175.15
62 2197 239.57
63 245 14.26
64 20589 269.55
65 50474 20.58
66 32990 205.39
67 44274 18.25
68 218 319.05
69 2037 128.0
70 7334 21.46
71 15696 6.17
72 29269 110.84
73 25237 118.04
74 32811 119.01
75 10841 205.71
76 10082 10.94
77 17334 76.56
78 718 113.65
79 47354 141.51
80 17167 26.01
81 2460 109.26
82 4212 229.76
83 19504 771.77
84 15706 159.44
85 15271 10.62
86 31957 332.8
87 563 15.8
88 22871 10.44
89 369 68.79
90 13043 214.59
91 49328 6.91
92 80358 21.51
93 36422 47.23
94 401 85.68
95 8624 96.6
96 82474 136.6
97 31615 20.54
98 2601 18.37
99 1272 236.04
100 54017 218.92
101 2014 101.91
102 11874 106.86
103 6279 189.87
104 3937 78.35
105 82728 29.33
106 43714 417.06
107 1239 71.1
108 6311 11.94
109 20384 320.2
110 30643 184.06
111 10810 78.02
112 569 50.99
113 13857 1115.76
114 82658 138.9
115 15585 35.23
116 36735 6.7
117 5490 584.25
118 7993 71.9
119 476 82.29
120 59705 169.36
121 13033 59.36
122 9567 172.27
123 19681 12.96
124 27080 204.02
125 479 23.4
126 1170 4.7
127 744 11.99
128 35936 8.96
129 6180 90.77
130 37293 7.75
131 934 12.97
132 4046 47.41
133 31066 3.77
134 7273 57.56
135 6521 1.08
136 38069 9.09
137 47965 7.26
138 39488 8.38
139 3338 38.8
140 7646 30.19
141 41684 108.1
142 45579 243.32
143 14749 18.95
144 42753 33.5
145 32858 180.24
146 16852 188.5
147 7050 105.65
148 17423 75.69
149 1348 77.41
150 9806 157.1
151 3297 48.41
152 156 137.72
153 277 126.42
154 28764 612.21
155 32560 81.57
156 65264 261.81
157 28033 69.94
158 41691 15.89
159 12385 57.22
160 3779 510.18
161 24310 599.07
162 1229 237.36
163 1062 59.27
164 3494 136.5
165 11213 96.18
166 4223 108.06
167 12073 128.98
168 569 220.42
169 39073 57.09
170 1573 220.43
171 39337 22.06
172 40526 11.75
173 46239 94.37
174 10320 14.92
175 2533 57.28
176 44414 3.79
177 26669 2.98
178 60212 7.93
179 4612 287.42
180 84641 30.2
181 1373 87.34
182 37208 10.09
183 47065 48.94
184 6959 2.05
185 18453 4.37
186 41087 163.54
187 19162 155.71
188 20199 53.5
189 425 200.91
190 128 134.93
191 2326 743.89
192 8099 150.65
193 48030 110.28
194 21583 199.54
195 1823 6.95
196 19801 178.87
197 1506 62.38
198 3881 693.56
199 234 325.95
200 26234 540.86
201 8285 414.98
202 3158 743.62
203 344 335.48
204 614 216.5
205 2536 47.16
206 1490 126.58
207 101 78.74
208 6056 74.8
209 5467 163.83
210 1146 298.13
211 2113 57.59
212 2299 19.28
213 3413 125.22
214 37412 117.86
215 2557 104.93
216 1688 63.93
217 1000 6.82
218 23150 479.89
219 104 148.13
220 3220 67.96
221 368 33.48
222 21115 3.44
223 59662 9.19
224 41804 13.52
225 9581 354.5
226 465 241.98
227 72046 257.9
228 16654 5.46
229 53815 8.34
230 39347 6.48
231 708 31.96
232 233 251.02
233 8942 174.18
234 38776 259.19
235 1269 88.91
236 670 593.18
237 449 267.76
238 1623 354.25
239 1401 212.24
240 740 169.75
241 15866 360.07
242 302 36.65
243 592 100.72
244 17547 263.88
245 4509 8.04
246 34731 34.45
247 55224 8.05
248 3883 61.32
249 89747 10.0
250 56004 9.06
251 23333 8.86
252 88123 7.39
253 45317 8.03
254 32463 7.65
255 23729 8.77
256 831 0.18
257 456 0.08
258 47993 6.13
259 21751 6.13
260 15554 1.81
261 52516 22.56
262 27198 13.98
263 1162 11.91
264 73722 10.13
265 39076 80.68
266 36764 9.07
267 15455 16.22
268 30714 6.24
269 33550 7.15
270 739 3.77
271 1818 39.55
272 125 3.67
273 2673 477.16
274 2637 172.62
275 23911 1394.98
276 1379 28.02
277 1692 146.6
278 32725 170.5
279 6379 105.47
280 632 28.22
281 6455 393.79
282 56913 29.17
283 54086 8.01
284 5321 198.18
285 65 894.75
286 69813 5.57
287 58560 6.5
288 56066 5.27
289 23575 7.75
290 198 0.19
291 37095 4.72
292 3435 0.64
293 25341 4.85
294 19330 5.64
295 45787 7.6
296 51332 8.79
297 45096 8.46
298 26823 8.17
299 18858 4.28
300 32787 25.11
301 43728 15.93
302 30443 10.48
303 1449 3.35
304 47904 40.96
305 23057 6.85
306 79708 36.96
307 25718 2.51
308 60322 7.6
309 54096 15.09
310 51835 12.41
311 40375 11.94
312 42436 28.22
313 4746 17.33
314 3440 178.71
315 737 46.73
316 1622 39.78
317 592 14.47
318 28651 3.15
319 48940 18.44
320 550 0.22
321 2880 0.9
322 31557 45.51
323 9153 87.68
324 35440 87.75
325 28413 187.36
326 3040 1.58
327 2058 40.2
328 36448 427.0
329 5505 55.98
330 5255 123.4
331 55431 27.37
332 154 7.44
333 7110 33.01
334 2077 11.97
335 57349 155.94
336 45467 7.96
337 69277 21.6
338 9156 149.21
339 20553 240.76
340 7911 117.62
341 28263 112.41
342 35394 111.99
343 31610 231.7
344 11559 38.53
345 8470 6.35
346 43170 7.7
347 39352 22.68
348 23173 4.58
349 42402 14.53
350 23641 11.24
351 333 0.48
352 27281 34.93
353 431 134.25
354 18116 107.79
355 59372 13.87
356 31314 196.55
357 2339 69.09
358 1567 29.71
359 3074 97.41
360 25876 70.89
361 524 114.14
362 2972 72.24
363 20280 11.85
364 27786 5.1
365 43605 43.38
366 31974 11.35
367 49012 7.88
368 37173 7.73
369 10162 30.82
370 2387 545.31
371 3935 63.22
372 5753 79.89
373 45 1.58
374 72492 97.23
375 3810 124.76
376 2550 15.15
377 31638 124.19
378 26179 36.65
379 17220 26.67
380 51151 15.73
381 42598 26.85
382 41281 64.18
383 19037 122.88
384 1618 27.85
385 1700 65.81
386 1251 623.07
387 3898 53.87
388 222 43.52
389 35414 165.17
390 1507 130.59
391 36672 2.29
392 1587 55.73
393 3793 3.81
394 28262 66.66
395 39032 108.65
396 52849 84.64
397 69721 214.07
398 14945 131.65
399 3699 374.09
400 3583 83.76
401 4559 2.88
402 25 20.96
403 2276 379.71
404 104 58.96
405 6042 16.73
406 29776 98.55
407 50607 39.98
408 10194 97.31
409 6237 75.17
410 692 0.37
411 15941 80.23
412 994 64.45
413 10557 42.61
414 5837 61.8
415 9548 85.34
416 534 68.03
417 263 58.06
418 200 32.92
419 63 89.59
420 3099 8.49
421 2046 0.43
422 28965 178.42
423 10604 2.47
424 713 0.83
425 44706 11.56
426 65445 4.08
427 36457 3.41
428 14885 1.93
429 25404 3.23
430 53908 3.27
431 57741 6.99
432 59492 5.03
433 49341 9.62
434 24748 4.42
435 21495 4.85
436 45214 3.91
437 935 32.05
438 26510 45.78
439 295 33.31
440 2673 3.33
441 97 41.09
442 879 63.3
443 1767 174.68
444 597 284.42
445 274 69.08
446 761 69.86
447 1517 123.0
448 530 46.82
449 3104 48.97
450 7718 124.19
451 4685 180.54
452 198 4.53
453 5992 334.72
454 3221 44.36
455 2893 148.41
456 233 4.19
457 82 0.15
458 702 50.02
459 34737 41.52
460 1678 39.13
461 1378 24.71
462 687 62.77
463 69 16.76
464 578 14.66
465 631 23.6
466 796 48.29
467 4769 54.26
468 1226 17.24
469 815 60.61
470 5975 23.26
471 5498 9.81
472 2147 20.28
473 17838 247.92
474 1732 14.51
475 8637 92.76
476 318 53.47
477 1909 44.64
478 295 6.81
479 1359 99.57
480 40222 60.46
481 1986 44.62
482 834 23.24
483 146 2.01
484 6758 62.83
485 2255 78.69
486 283 4.55
487 60435 12.83
488 25899 9.99
489 73985 11.8
490 24680 7.85
491 72180 27.58
492 59418 13.04
493 39819 6.79
494 31806 3.92
495 45048 6.45
496 19448 4.08
497 4314 9.47
498 52973 12.55
499 20269 7.61
500 40196 12.75
501 7749 49.77
502 44147 7.83
503 31558 10.87
504 24755 20.78
505 61989 43.98
506 57862 12.32
507 30221 4.06
508 31084 4.73
509 22447 6.42
510 17141 3.38
511 7595 2.78
512 9922 1.4
513 19811 3.84
514 34480 5.19
515 41321 6.99
516 42347 8.45
517 13534 2.29
518 15579 2.05
519 1380 37.73
520 6534 15.24
521 30949 6.82
522 7089 5.2
523 36245 3.86
524 33749 4.26
525 29166 6.14
526 11359 2.44
527 21536 3.39
528 40737 11.84
529 23981 4.86
530 69 3.52
531 41130 6.13
532 1559 55.77
533 34429 3.15
534 39642 5.63
535 25992 5.66
536 63975 10.28
537 47014 6.31
538 214 18.54
539 4282 4.4
540 37296 14.67
541 60927 5.76
542 2913 5.79
543 1554 72.95
544 192 4.53
545 8726 59.2
546 1671 54.46
547 26863 14.61
548 59461 13.07
549 15046 2.87
550 22406 12.86
551 33359 28.24
552 21726 53.97
553 1377 14.74
554 673 0.12
555 61087 9.31
556 3918 18.15
557 6 0.17
558 3281 0.9
559 506 19.1
560 2512 331.75
561 429 11.37
562 11062 340.32
563 69 30.82
564 4042 83.8
565 13460 122.48
566 413 15.2
567 26803 103.15
568 541 42.1
569 1882 39.54
570 5292 151.09
571 1272 6.0
572 5336 55.71
573 2042 44.6
574 4426 20.35
575 1615 52.16
576 301 31.81
577 436 7.0
578 1244 27.77
579 78 10.64
580 4368 41.68
581 7164 66.25
582 4680 49.31
583 304 7.9
584 767 10.99
585 832 46.5
586 3976 106.83
587 11353 115.41
588 672 7.01
589 480 5.51
590 2443 88.32
591 84 5.65
592 154 4.06
593 198 1.75
594 53 271.97
595 0 0.001
596 106 3.05
597 1099 159.31
598 1963 2.68
599 970 136.79
600 81 40.71
601 541 39.57
602 158 3.84
603 381 0.69
604 24904 11.67
605 59861 8.33
606 13648 1.99
607 38559 6.18
608 0 0.001
609 29395 11.28
610 23877 4.83
611 18287 5.59
612 6313 109.85
613 15529 59.62
614 3468 41.07
615 4143 0.78
616 11112 21.2
617 895 0.59
618 16091 56.94
619 53217 170.08
620 16829 10.55
621 17370 8.11
622 24815 97.12
623 20249 5.24
624 31683 3.43
625 10858 3.38
626 1530 54.88
627 239 402.1
628 699 452.21
629 625 105.32
630 695 113.88
631 1460 77.08
632 1145 178.58
633 432 141.62
634 15768 242.04
635 22841 129.56
636 357 84.75
637 214 126.75
638 627 137.61
639 736 153.5
640 1355 316.28
641 366 127.74
642 748 192.48
643 171 146.1
644 600 78.25
645 2310 91.71
646 4133 58.66
647 652 60.22
648 158 354.41
649 3324 45.96
650 4082 44.52
651 1231 36.34
652 1004 205.91
653 33298 30.25
654 982 88.61
655 1105 72.92
656 4506 157.56
657 262 244.8
658 16097 238.59
659 260 100.12
660 496 49.39
661 124 34.87
662 421 1.03
663 3787 71.87
664 338 256.74
665 414 285.74
666 85 74.64
667 308 4.01
668 1022 140.89
669 10031 190.72
670 294 110.44
671 4574 479.11
672 589 17.83
673 95 15.84
674 136 81.25
675 3155 68.91
676 8 8.4
677 688 78.43
678 6630 247.4
679 125 11.98
680 36 41.28
681 7165 135.85
682 1240 249.8
683 125 80.17
684 341 123.18
685 366 42.11
686 1642 337.32
687 1464 167.28
688 289 44.84
689 122 198.03
690 145 99.59
691 2416 40.05
692 58 9.93
693 261 94.41
694 557 161.59
695 527 253.22
696 1899 130.54
697 428 117.91
698 1627 202.85
699 128 33.26
700 274 20.79
701 401 67.73
702 44 22.56
703 120 33.18
704 166 149.66
705 183 40.08
706 1441 96.82
707 90 162.14
708 48 204.45
709 119 388.4
710 752 31.42
711 405 326.68
712 1412 1.55
713 27549 59.03
714 37725 7.65
715 12251 71.03
716 1301 55.9
717 143 6.33
718 1930 62.55
719 765 101.97
720 211 132.73
721 58271 28.57
722 54923 25.41
723 56689 62.89
724 49410 8.22
725 81516 13.52
726 56505 29.51
727 26214 4.09
728 21559 4.88
729 1932 0.86
730 28873 4.72
731 93193 6.7
732 26176 2.22
733 25990 5.83
734 57251 8.3
735 35135 3.94
736 19506 1.43
737 35293 3.58
738 40071 3.6
739 34924 2.68
740 9947 4.69
741 28210 1.57
742 47487 3.75
743 36568 2.48
744 0 0.001
745 14853 2.32
746 39480 10.73
747 29415 1.89
748 25876 2.94
749 49399 8.78
750 105549 9.81
751 14866 8.46
752 16591 1.63
753 20388 1.7
754 14184 0.93
755 27925 3.39
756 43497 4.55
757 42399 4.93
758 76615 6.11
759 31499 4.29
760 54099 4.68
761 31481 5.84
762 93524 7.37
763 7173 16.8
764 2899 622.78
765 7657 9.99
766 13162 2.16
767 19244 68.87
768 1384 90.07
769 10789 44.85
770 14318 29.09
771 31375 59.81
772 6314 76.99
773 0 0.001
774 1261 2.63
775 27480 5.37
776 10506 4.54
777 16245 6.9
778 33065 5.88
779 30356 7.55
780 8415 0.75
781 22830 2.05
782 13220 0.82
783 22781 2.36
784 20849 3.97
785 11371 1.33
786 24939 4.94
787 18904 2.45
788 30778 5.04
789 156 0.01
790 16032 1.12
791 37810 1.89
792 28514 3.77
793 328 0.04
794 56343 5.46
795 36515 16.93
796 3127 2.35
797 30842 32.64
798 22452 18.79
799 36867 78.92
800 38537 13.0
801 40290 10.96
802 26864 19.21
803 15229 12.25
804 36565 10.56
805 17672 17.26
806 8684 4.34
807 24092 5.44
808 41249 12.96
809 26778 5.44
810 964 2.34
811 25818 15.25
812 54605 75.66
813 412 2.76
814 20037 5.96
815 31102 14.93
816 34859 14.95
817 14889 12.7
818 33569 7.24
819 16425 5.38
820 20277 3.91
821 198 2.37
822 11710 1.7
823 19615 1.48
824 10985 3.39
825 211 0.87
826 974 0.17
827 13403 16.27
828 1360 28.71
829 2137 5.56
830 23299 15.65
831 1134 112.06
832 3862 143.58
833 24979 65.43
834 11880 113.1
835 76448 19.59
836 36731 11.31
837 4055 0.71
838 45191 9.96
839 48607 5.26
840 71820 32.51
841 12529 1.51
842 9547 42.68
843 27156 5.48
844 30202 7.01
845 1114 108.98
846 36703 4.88
847 1118 33.66
848 4675 81.22
849 1217 0.15
850 40705 6.42
851 5640 61.49
852 7313 24.72
853 30237 78.79
854 123 35.66
855 415 2.06
856 9941 7.58
857 31868 4.73
858 15743 3.06
859 9591 174.67
860 6987 80.16
861 33 1184.71
862 585 191.71
863 595 31.93
864 327 35.88
865 2604 111.34
866 34999 213.08
867 3721 78.81
868 464 65.98
869 1674 28.73
870 15719 22.93
871 2627 13.87
872 45614 11.19
873 35351 6.61
874 175 0.42
875 28129 3.11
876 79407 3.36
877 56023 2.36
878 41203 3.08
879 43698 2.59
880 38319 1.95
881 39169 1.69
882 31124 1.43
883 26881 2.08
884 3183 2.3
885 19289 1.77
886 23088 1.02
887 55984 1.19
888 31176 0.67
889 69333 2.33
890 27170 1.36
891 33996 4.93
892 40798 2.4
893 33021 1.12
894 26599 1.79
895 4792 0.66
896 5846 0.37
897 26237 0.76
898 13768 0.27
899 3713 0.34
900 406 0.08
901 32940 8.22
902 26074 7.04
903 24229 2.95
904 36126 8.27
905 10917 2.95
906 31715 6.32
907 36751 3.8
908 34095 5.56
909 11254 3.69
910 25616 3.41
911 40598 8.49
912 34332 3.83
913 76571 13.44
914 61386 4.62
915 62430 4.64
916 20460 1.32
917 13361 3.81
918 1391 2.02
919 28358 10.67
920 40299 50.97
921 18500 17.49
922 15268 9.48
923 191 123.73
924 19245 5.99
925 66943 23.24
926 3627 6.5
927 13862 5.13
928 22385 7.3
929 23364 6.26
930 60717 26.93
931 45260 6.39
932 13911 1.56
933 30617 25.49
934 38720 4.51
935 12791 10.44
936 25089 15.89
937 47082 6.57
938 9372 91.68
939 34836 3.9
940 35923 5.28
941 30067 2.57
942 54327 6.66
943 18730 4.67
944 31049 3.28
945 55927 7.09
946 61325 13.01
947 25401 3.18
948 28565 5.81
949 51496 3.58
950 893 0.34
951 45528 9.42
952 56545 4.77
953 51939 8.0
954 37457 39.76
955 31932 4.15
956 20120 30.59
957 37469 4.43
958 18889 26.07
959 42989 4.73
960 58466 5.39
961 80 1.53
962 48841 412.35
963 62228 8.32
964 46896 232.73
965 9970 2.83
966 6417 19.48
967 6748 1.23
968 31680 3.47
969 43267 4.63
970 46781 13.08
971 15655 98.47
972 34464 7.96
973 29429 5.06
974 42906 16.7
975 40747 12.73
976 27404 8.85
977 9535 22.52
978 27649 10.31
979 46369 16.45
980 19021 23.65
981 65433 8.24
982 1048 0.66
983 47654 26.17
984 51536 14.07
985 26317 6.66
986 17403 89.26
987 1245 133.17
988 47490 11.17
989 48922 37.21
990 53881 63.06
991 49978 22.04
992 1646 51.63
993 78 19.84
994 2499 39.71
995 36975 5.57
996 65068 29.83
997 22405 6.8
998 14382 8.08
999 49121 16.88
1000 10429 2.44
1001 378 19.84
1002 12056 3.54
1003 218 69.62
1004 75802 12.23
1005 82999 11.71
1006 13154 6.03
1007 73343 12.67
1008 4179 12.25
1009 571 0.48
1010 0 0.001
1011 559 0.1
1012 38069 5.84
1013 25460 3.93
1014 58368 9.67
1015 31779 8.06
1016 53422 17.43
1017 8896 6.4
1018 35125 3.63
1019 17653 8.71
1020 3627 105.53
1021 1118 33.64
1022 992 36.22
1023 165 3.58
1024 40971 10.2
1025 15448 6.29
1026 24659 7.61
1027 6573 66.81
1028 46458 8.87
1029 41201 75.02
1030 9581 28.93
1031 36176 10.5
1032 25394 7.34
1033 58311 9.49
1034 51046 8.88
1035 30918 21.38
1036 9877 84.88
1037 13614 3.29
1038 429 24.84
1039 636 115.89
1040 1749 0.62
1041 1260 30.85
1042 11712 334.72
1043 1386 51.66
1044 3993 1.04
1045 1405 27.25
1046 47172 82.71
1047 12819 88.63
1048 16575 34.39
1049 17853 21.52
1050 25239 21.56
1051 39009 6.62
1052 25393 96.03
1053 4374 10.59
1054 42675 38.29
1055 1545 0.15
1056 3167 7.98
1057 4018 3.22
1058 941 37.12
1059 70 33.59
1060 30902 108.05
1061 49859 7.64
1062 9959 23.75
1063 331 93.01
1064 639 858.55
1065 30496 22.23
1066 17202 15.03
1067 10847 13.52
1068 683 6.96
1069 11995 7.24
1070 6859 2.14
1071 1638 23.12
1072 8500 15.92
1073 24283 22.69
1074 29040 20.05
1075 41157 13.16
1076 9253 3.16
1077 699 43.68
1078 12474 6.53
1079 15740 5.93
1080 1332 1.14
1081 5094 0.39
1082 812 10.58
1083 1756 58.41
1084 1429 3.98
1085 569 2.66
1086 865 1.09
1087 89 8.6
1088 837 41.6
1089 268 22.77
1090 337 12.38
1091 264 1.06
1092 52 11.57
1093 37262 34.97
1094 4677 13.05
1095 25605 17.51
1096 8803 138.12
1097 24294 15.06
1098 61827 22.65
1099 41083 21.88
1100 12768 46.69
1101 31753 28.4
1102 19383 52.28
1103 223 143.37
1104 3660 53.45
1105 53778 23.41
1106 62079 109.39
1107 35000 10.73
1108 30047 15.09
1109 46745 10.05
1110 47672 12.22
1111 84519 29.87
1112 75196 31.09
1113 53697 97.31
1114 50216 53.88
1115 18644 18.08
1116 44001 16.2
1117 29851 21.06
1118 58002 20.21
1119 29301 55.69
1120 43400 29.8
1121 53892 20.34
1122 38272 16.47
1123 16675 7.9
1124 58763 24.69
1125 67917 25.75
1126 23172 61.18
1127 19815 7.06
1128 17797 20.3
1129 50320 18.8
1130 33423 40.69
1131 34722 36.58
1132 7788 10.7
1133 52606 53.03
1134 39457 32.13
1135 9459 29.49
1136 6643 9.83
1137 30236 28.45
1138 44734 135.7
1139 33555 17.67
1140 15649 18.5
1141 30815 5.87
1142 7585 29.32
1143 861 10.57
1144 3926 27.49
1145 494 15.07
1146 1945 66.34
1147 32611 22.62
1148 20006 8.99
1149 43792 10.9
1150 47222 9.85
1151 11248 9.8
1152 20039 5.08
1153 29309 11.68
1154 47582 8.8
1155 59182 9.52
1156 16366 21.17
1157 46564 14.73
1158 21944 9.5
1159 19704 3.66
1160 29945 2.7
1161 85914 7.0
1162 32845 4.48
1163 44515 7.94
1164 5781 2.13
1165 54083 5.2
1166 27522 6.08
1167 37184 9.29
1168 24307 2.13
1169 36171 10.71
1170 23032 3.36
1171 38486 7.04
1172 26853 3.37
1173 61510 6.35
1174 34797 9.76
1175 21649 3.3
1176 14044 2.4
1177 20184 13.25
1178 3744 0.65
1179 9741 7.37
1180 12478 2.55
1181 2756 0.21
1182 29291 6.7
1183 16012 3.5
1184 23881 19.46
1185 49046 8.23
1186 63297 16.7
1187 25756 5.09
1188 7248 1.37
1189 35533 10.54
1190 67619 13.9
1191 24010 6.03
1192 34204 5.98
1193 52033 6.79
1194 24752 2.81
1195 62068 6.29
1196 51767 7.3
1197 38232 6.87
1198 45113 6.39
1199 35153 4.14
1200 3613 10.87
1201 70401 6.3
1202 16333 2.19
1203 57245 7.75
1204 8337 0.63
1205 42709 4.55
1206 39733 7.12
1207 8979 53.49
1208 834 50.0
1209 46377 67.83
1210 8113 11.19
1211 7727 1.21
1212 36079 5.05
1213 9137 1.37
1214 23974 35.15
1215 10154 21.2
1216 7778 18.8
1217 160 0.04
1218 7331 1.88
1219 676 0.57
1220 108 20.16
1221 27088 27.95
1222 53042 21.58
1223 36416 79.16
1224 34379 81.19
1225 29876 11.46
1226 35420 5.94
1227 742 4.23
1228 1239 55.48
1229 65096 43.52
1230 155 1.15
1231 605 136.99
1232 2579 23.71
1233 1733 83.4
1234 2849 147.19
1235 17432 56.8
1236 462 3.32
1237 805 112.34
1238 24152 86.45
1239 1739 42.57
1240 13657 27.77
1241 378 110.08
1242 276 0.18
1243 1222 7.54
1244 1139 102.59
1245 3450 24.59
1246 254 86.7
1247 361 61.85
1248 1071 33.26
1249 1787 10.42
1250 1744 120.28
1251 153 47.95
1252 1612 186.68
1253 2533 197.59
1254 533 50.2
1255 271 0.76
1256 182 18.05
1257 360 58.39
1258 1648 33.31
1259 23976 7.05
1260 410 85.93
1261 25209 11.97
1262 7285 82.46
1263 1259 109.55
1264 388 40.19
1265 4894 10.31
1266 35705 15.01
1267 48068 5.62
1268 69745 4.83
1269 71599 10.17
1270 2138 86.49
1271 62928 7.75
1272 33119 14.3
1273 34537 8.65
1274 25824 14.82
1275 40952 3.31
1276 53704 5.33
1277 25356 4.98
1278 46457 18.92
1279 4090 74.8
1280 32031 4.0
1281 34409 4.13
1282 44907 5.77
1283 85040 8.79
1284 30854 3.84
1285 45406 14.47
1286 26184 6.23
1287 18275 2.32
1288 32414 6.64
1289 38158 48.5
1290 43079 15.63
1291 62097 6.42
1292 29591 3.81
1293 43896 6.68
1294 23988 3.06
1295 38475 3.4
1296 54013 12.81
1297 30485 5.57
1298 20063 3.27
1299 40331 5.65
1300 32396 3.78
1301 52735 4.36
1302 32742 4.53
1303 27496 3.11
1304 30322 3.27
1305 70918 242.69
1306 62549 8.49
1307 19786 143.12
1308 2932 113.67
1309 25777 3.71
1310 50798 73.14
1311 18910 159.55
1312 55277 4.92
1313 21741 10.13
1314 31869 2.56
1315 18010 2.23
1316 12132 2.86
1317 91725 55.1
1318 34188 3.38
1319 32327 3.67
1320 50231 9.41
1321 24474 8.05
1322 39407 4.26
1323 94396 7.31
1324 39341 17.76
1325 57110 3.5
1326 51223 3.06
1327 67179 4.38
1328 12520 5.58
1329 101279 5.94
1330 55758 3.27
1331 3223 5.81
1332 27372 1.26
1333 75066 3.72
1334 45903 4.22
1335 45786 4.77
1336 27585 49.88
1337 40328 49.52
1338 36557 32.08
1339 25709 26.7
1340 25488 34.09
1341 34882 25.88
1342 20158 37.63
1343 51747 16.41
1344 0 0.001
1345 20438 33.5
1346 26872 2.66
1347 48606 4.73
1348 89779 5.14
1349 25457 2.36
1350 0 0.001
1351 21576 2.04
1352 21318 1.98
1353 43180 5.62
1354 1699 150.34
1355 29855 108.56
1356 6368 20.05
1357 25851 7.59
1358 36045 19.62
1359 33348 16.94
1360 32362 9.57
1361 11555 0.96
1362 15149 2.11
1363 31766 4.51
1364 7827 1.58
1365 28722 8.72
1366 32605 15.47
1367 6722 0.85
1368 27186 2.65
1369 47452 2.94
1370 42147 2.57
1371 539 0.34
1372 35482 15.02
1373 21360 1.99
1374 48581 5.78
1375 28917 1.57
1376 44789 4.13
1377 21397 1.89
1378 20483 2.11
1379 8434 0.7
1380 1612 0.23
1381 24525 1.43
1382 12250 2.0
1383 47596 3.63
1384 28341 2.5
1385 28418 2.06
1386 8742 127.8
1387 94 1.0
1388 623 131.41
1389 3661 17.45
1390 164 0.37
1391 3021 2.93
1392 14454 44.9
1393 40884 19.61
1394 925 58.65
1395 46016 15.29
1396 68790 14.58
1397 50031 25.42
1398 6948 2.15
1399 28019 2.74
1400 24978 5.9
1401 42209 9.42
1402 12717 5.7
1403 73026 10.96
1404 61635 7.43
1405 69516 19.72
1406 34143 11.61
1407 61148 16.46
1408 42573 13.81
1409 38558 4.4
1410 29707 21.54
1411 45560 8.15
1412 27152 3.45
1413 39016 8.96
1414 2964 0.62
1415 16046 2.43
1416 12762 3.3
1417 29287 2.18
1418 20571 3.13
1419 28329 3.3
1420 31403 3.26
1421 25592 1.07
1422 11806 0.59
1423 50294 3.25
1424 29870 7.78
1425 13600 2.68
1426 15979 1.27
1427 19846 1.34
1428 20596 1.71
1429 5077 177.21
1430 54366 32.95
1431 72508 31.64
1432 40 5.67
1433 13811 5.29
1434 34617 52.36
1435 2031 70.59
1436 3102 41.58
1437 27732 4.11
1438 6106 4.62
1439 29149 6.87
1440 42901 22.14
1441 56 22.64
1442 2432 14.26
1443 390 324.14
1444 37365 62.0
1445 45164 22.01
1446 39761 79.97
1447 27187 38.37
1448 36981 20.62
1449 3178 24.41
1450 28255 69.14
1451 2083 41.71
1452 1393 14.37
1453 1411 21.4
1454 425 12.32
1455 4124 14.66
1456 21399 5.48
1457 28532 19.03
1458 631 0.08
1459 748 0.27
1460 5418 22.98
1461 1592 216.63
1462 1305 16.16
1463 387 27.45
1464 4750 32.92
1465 675 2.74
1466 1417 5.87
1467 62 0.02
1468 46 50.51
1469 522 1.44
1470 3422 145.4
1471 1101 115.94
1472 36726 173.22
1473 9495 71.21
1474 231 10.22
1475 983 33.33
1476 382 3.36
1477 27844 39.03
1478 3161 37.22
1479 17509 49.37
1480 4585 10.93
1481 897 4.45
1482 41192 10.86
1483 33974 12.39
1484 12447 24.67
1485 29791 9.0
1486 86 34.27
1487 326 57.69
1488 51870 46.62
1489 2377 7.98
1490 6285 24.8
1491 215 88.71
1492 258 98.92
1493 352 104.93
1494 1366 20.93
1495 18451 181.82
1496 1037 20.21
1497 27 1.2
1498 1417 14.58
1499 160 33.54
1500 386 12.42
1501 115 26.06
1502 240 0.25
1503 157 121.08
1504 8 37.04
1505 19741 139.56
1506 21460 17.66
1507 38797 41.29
1508 3349 41.23
1509 29114 81.15
1510 4773 22.57
1511 25199 64.23
1512 3232 81.13
1513 3833 35.5
1514 4772 22.33
1515 6076 152.17
1516 9790 41.88
1517 1769 9.35
1518 8842 74.3
1519 4414 5.5
1520 4842 6.01
1521 75 0.4
1522 788 1.36
1523 162 8.21
1524 637 11.61
1525 3806 52.35
1526 1262 20.28
1527 29792 123.57
1528 68 21.66
1529 37 12.53
1530 715 0.25
1531 14389 0.85
1532 26469 4.19
1533 32996 3.69
1534 21247 3.49
1535 45697 4.49
1536 13292 1.53
1537 16995 2.37
1538 54293 6.58
1539 2206 0.17
1540 110 12.71
1541 5252 72.72
1542 36 140.02
1543 445 701.08
1544 10227 462.55
1545 1763 643.48
1546 415 404.23
1547 172 3.8
1548 48 46.2
1549 72 74.08
1550 719 136.92
1551 14038 78.21
1552 64 150.14
1553 2082 106.82
1554 47 0.91
1555 229 2.05
1556 34630 264.15
1557 27152 322.06
1558 13522 84.57
1559 40829 169.49
1560 37601 5.93
1561 12248 4.18
1562 48731 7.59
1563 58409 10.64
1564 64587 88.07
1565 22393 98.93
1566 56741 15.22
1567 282 93.61
1568 2040 204.29
1569 509 34.32
1570 43553 99.67
1571 20938 214.75
1572 211 26.37
1573 119 55.87
1574 2099 28.75
1575 17489 4.12
1576 2739 223.13
1577 16897 41.95
1578 270 133.81
1579 2300 149.54
1580 451 22.36
1581 161 0.69
1582 633 30.62
1583 15457 56.0
1584 7324 41.16
1585 33931 39.75
1586 2942 116.7
1587 4985 15.17
1588 30805 47.5
1589 32967 149.59
1590 817 52.99
1591 13074 38.82
1592 37073 62.3
1593 912 38.97
1594 268 0.98
1595 2030 46.57
1596 13018 18.25
1597 472 0.84
1598 58911 3.21
1599 3951 2.07
1600 103892 4.29
1601 39316 3.45
1602 48852 3.27
1603 15 0.12
1604 23768 0.73
1605 18986 1.71
1606 44998 0.89
1607 59185 1.92
1608 64458 3.89
1609 25403 4.0
1610 57964 3.11
1611 31103 3.23
1612 67869 4.23
1613 37681 1.08
1614 3800 0.46
1615 45527 5.28
1616 38967 1.13
1617 36865 2.47
1618 62180 3.05
1619 22986 22.83
1620 2424 0.33
1621 11772 0.67
1622 7005 0.28
1623 3217 0.29
1624 45151 8.26
1625 38617 1.36
1626 40920 2.47
1627 66266 3.55
1628 5464 0.61
1629 32821 1.93
1630 49310 2.9
1631 3 0.4
1632 9377 7.33
1633 62276 2.84
1634 0 0.001
1635 39499 7.44
1636 26855 2.16
1637 27425 3.61
1638 22286 7.62
1639 28714 1.52
1640 44958 3.33
1641 27927 2.44
1642 37180 2.65
1643 39285 3.45
1644 23484 3.63
1645 24628 2.04
1646 14372 5.7
1647 26898 5.01
1648 30991 4.36
1649 29458 7.33
1650 17473 2.05
1651 29034 5.15
1652 74363 6.56
1653 51558 8.13
1654 45061 4.14
1655 1 0.23
1656 32417 4.82
1657 60254 5.91
1658 103689 8.85
1659 69817 3.73
1660 47807 11.67
1661 27669 4.39
1662 51145 3.31
1663 18496 3.24
1664 2702 0.34
1665 20372 8.2
1666 33708 8.16
1667 0 0.001
1668 2556 267.02
1669 13264 392.18
1670 6032 82.52
1671 31808 310.88
1672 2516 225.19
1673 280 88.72
1674 508 54.51
1675 201 13.0
1676 14799 97.77
1677 70 39.97
1678 297 75.33
1679 374 2.01
1680 2285 27.31
1681 795 10.08
1682 459 69.66
1683 426 72.92
1684 946 94.04
1685 169 11.28
1686 950 39.86
1687 2093 85.54
1688 1258 65.19
1689 504 67.07
1690 1592 55.28
1691 139 102.94
1692 21902 92.43
1693 37946 142.16
1694 236 42.99
1695 1491 50.86
1696 425 0.23
1697 55 45.9
1698 370 21.09
1699 527 5.15
1700 3513 51.42
1701 196 36.32
1702 47032 27.56
1703 14179 3.9
1704 42399 3.44
1705 11074 2.18
1706 40311 2.11
1707 0 0.001
1708 19131 1.35
1709 117 0.16
1710 36678 5.79
1711 44383 5.3
1712 8845 3.08
1713 90 514.17
1714 763 160.22
1715 126 16.3
1716 1539 31.3
1717 54858 37.33
1718 33237 27.28
1719 78715 82.02
1720 20769 38.5
1721 1257 2.99
1722 16763 139.74
1723 42400 17.1
1724 9391 10.09
1725 1113 27.92
1726 2534 2.33
1727 39837 93.2
1728 37630 169.88
1729 8103 16.67
1730 5268 15.08
1731 1522 6.51
1732 8004 9.65
1733 183 0.83
1734 313 8.41
1735 40267 18.72
1736 66925 14.47
1737 12025 3.49
1738 95397 17.33
1739 88419 24.87
1740 37849 13.93
1741 707 19.78
1742 34794 29.39
1743 19989 10.21
1744 6220 27.88
1745 30830 10.99
1746 24740 8.38
1747 38976 7.27
1748 55857 13.62
1749 25938 9.11
1750 51165 8.95
1751 3369 9.57
1752 74796 34.18
1753 36375 5.17
1754 410 7.07
1755 2270 1.92
1756 5094 12.71
1757 535 99.98
1758 2632 171.02
1759 25095 110.23
1760 574 80.84
1761 9647 89.91
1762 14 166.09
1763 12 241.33
1764 885 10.57
1765 3588 78.05
1766 17 41.17
1767 3846 0.8
1768 44 0.24
